0 0
1 1
3 2
4 3
5 4
7 5
8 6
9 7
10 1
12 1
13 8
16 10
17 11
18 1
19 12
20 1
21 1
23 13
24 14
25 15
27 10
28 1
29 17
30 18
30 19
31 20
32 21
33 22
35 1
36 1
37 17
38 23
39 24
40 10
41 1
42 10
43 26
46 28
47 29
48 17
48 6
49 10
50 1
51 10
52 1
53 1
54 18
54 30
54 31
56 10
57 1
58 32
59 10
60 1
61 33
63 1
64 10
65 1
66 35
67 18
67 25
67 21
67 36
68 1
70 35
71 37
72 10
73 38
74 36
75 18
76 1
77 35
78 1
79 10
80 37
81 15
81 41
81 42
81 43
82 37
83 18
84 44
85 35
87 1
89 15
90 47
91 18
91 19
92 37
93 48
95 6
95 30
97 50
98 51
98 21
99 38
100 37
102 6
103 53
104 54
105 35
106 17
107 55
109 56
110 36
111 6
113 6
114 57
116 30
117 57
118 59
119 61
119 25
119 62
120 21
120 63
120 64
120 65
121 57
122 52
122 67
123 68
124 57
125 61
127 6
128 57
129 71
129 16
130 41
130 72
132 73
132 6
134 6
135 44
136 77
137 78
138 79
138 80
139 81
139 82
139 83
139 84
140 86
140 87
141 88
142 9
143 89
144 21
145 6
145 92
146 9
146 2
147 93
148 9
149 74
150 68
151 9
152 1
152 94
153 12
154 44
154 95
155 6
156 37
158 96
159 57
159 97
161 98
163 36
166 102
168 94
169 104
170 105
171 6
171 106
171 108
172 106
173 109
174 110
175 111
176 17
176 6
177 57
178 37
179 6
180 57
181 113
181 114
182 115
183 57
184 37
185 116
187 117
187 118
189 6
190 57
191 119
192 30
192 25
193 57
194 9
195 9
196 57
197 121
197 122
197 123
198 124
198 125
199 57
200 41
201 126
202 127
203 110
203 128
203 129
203 130
204 2
204 132
205 57
205 132
206 134
207 71
207 135
208 57
209 136
209 6
209 137
210 138
211 139
211 41
212 140
213 141
213 64
213 30
213 143
214 57
215 63
215 64
216 145
217 139
218 57
219 147
220 148
222 6
223 150
223 74
223 6
223 151
224 153
224 154
224 155
225 156
226 25
227 157
229 160
229 161
229 162
230 163
232 127
232 164
232 165
232 166
234 51
235 167
237 168
238 30
238 25
238 36
238 169
239 57
239 132
239 170
239 66
240 172
241 21
241 25
242 30
243 57
243 66
243 173
244 6
244 176
244 25
246 2
248 181
248 85
248 182
248 183
249 186
249 187
249 25
249 189
252 184
252 30
254 192
254 25
254 8
255 193
256 194
258 196
258 25
259 197
259 198
260 199
261 200
262 51
263 57
263 132
263 66
263 201
263 202
264 57
264 66
264 163
264 25
264 30
265 203
266 205
266 206
266 207
266 208
266 209
266 210
267 211
267 6
267 39
268 52
269 212
270 51
273 213
274 214
275 215
275 44
276 216
277 217
278 218
279 219
280 57
280 173
280 35
281 220
281 221
281 22
281 222
282 9
282 223
283 224
284 218
285 225
286 8
286 226
286 21
287 227
288 136
288 228
289 6
289 149
289 127
289 229
290 230
291 197
291 231
291 127
291 161
291 21
292 232
293 136
294 233
296 6
296 236
297 237
298 238
299 8
299 0
300 241
300 242
300 243
301 244
301 23
301 30
301 80
302 245
303 246
303 0
303 52
303 247
303 248
303 74
303 2
303 250
303 23
303 30
304 30
304 25
305 21
306 252
306 253
306 254
306 255
306 256
307 253
308 252
308 253
309 167
310 257
311 71
312 228
312 258
313 254
314 260
315 261
316 23
316 262
316 21
317 258
318 25
318 153
318 263
319 264
320 265
321 84
322 75
322 243
323 266
324 267
325 265
326 268
326 123
326 269
326 270
327 193
328 7
329 193
330 271
331 272
332 156
332 84
332 162
333 193
334 42
335 273
336 274
336 275
337 162
338 266
339 161
340 276
341 15
341 41
341 6
341 39
341 229
342 9
343 57
343 277
343 278
344 23
344 25
344 155
344 149
345 163
345 147
346 6
347 57
347 173
347 30
347 25
348 279
350 280
350 281
350 282
351 225
352 283
352 284
353 286
353 287
353 288
354 289
355 17
355 290
356 22
356 286
356 292
356 294
358 296
359 298
360 143
360 25
360 299
360 22
360 300
360 301
360 222
361 302
362 303
363 103
363 305
363 306
365 253
366 236
366 127
366 30
366 307
366 308
366 309
367 60
368 21
368 161
370 312
370 249
370 313
370 314
370 315
370 316
370 317
370 319
371 320
372 321
373 322
374 44
375 292
377 6
377 324
377 325
377 94
378 24
379 106
380 84
381 165
381 326
382 23
382 327
382 25
382 328
382 329
383 6
384 331
385 25
385 30
386 16
386 333
387 334
388 286
388 335
389 336
390 127
391 337
392 30
392 25
392 155
392 36
392 339
392 178
392 143
393 6
393 30
393 340
393 341
393 248
393 236
393 143
393 342
394 16
394 343
395 163
396 344
396 345
397 23
397 6
397 30
397 25
399 99
400 347
402 348
403 281
404 257
405 349
406 30
407 6
408 350
409 6
409 123
410 351
411 6
411 0
412 236
413 236
414 23
414 22
414 21
414 352
415 20
416 353
417 354
418 355
419 6
419 39
419 86
419 136
420 292
421 41
422 257
423 356
423 357
424 103
424 6
426 359
426 360
426 294
426 361
427 362
427 156
428 364
429 365
429 30
429 25
429 366
429 367
429 163
429 368
430 358
431 238
431 0
432 141
432 218
432 369
432 370
434 10
435 365
435 25
435 30
435 143
435 366
435 367
436 371
438 239
438 226
438 30
439 372
439 373
440 63
441 374
442 110
443 375
445 285
445 288
446 376
447 10
448 10
450 6
450 149
450 377
451 288
452 15
452 41
452 6
452 229
453 10
454 298
456 10
457 6
457 52
458 114
459 298
460 10
461 10
462 10
463 10
464 22
464 86
465 379
465 380
465 381
465 382
465 383
465 385
467 10
468 10
469 10
471 10
472 10
473 10
474 10
475 386
476 363
476 51
477 387
478 6
478 388
478 73
479 52
480 389
481 6
481 31
482 25
482 251
483 390
485 392
485 396
485 156
485 398
485 30
485 399
485 257
485 400
485 345
485 401
485 402
485 41
485 403
485 99
486 6
488 10
489 10
491 10
493 10
494 10
495 10
496 10
497 405
498 10
499 406
499 6
500 407
502 60
503 6
503 409
504 410
505 25
505 411
506 52
506 143
508 412
510 127
510 414
511 6
511 415
512 382
512 383
512 417
513 419
514 420
515 10
516 6
516 421
517 6
517 17
518 422
519 423
520 425
521 426
522 383
522 427
523 1
524 298
524 428
525 429
526 430
527 431
528 6
529 432
529 420
529 433
529 434
529 435
530 44
531 436
532 437
533 430
534 6
534 74
534 73
535 152
536 438
537 439
538 6
538 141
538 64
539 440
541 372
542 441
543 6
543 409
543 147
544 442
544 443
545 6
546 23
546 444
547 21
548 6
551 446
551 447
553 388
553 448
553 449
553 450
553 451
553 0
554 10
555 6
556 454
557 2
558 23
559 456
559 457
560 6
561 456
561 457
562 2
563 6
563 25
564 52
564 2
565 10
566 6
567 458
568 292
568 459
570 376
571 156
571 82
571 460
571 161
571 227
572 22
572 24
574 464
574 465
574 466
574 468
574 469
574 470
574 128
574 249
574 314
574 471
575 22
576 6
577 248
578 6
579 197
580 472
580 473
581 474
582 30
582 25
582 17
583 22
583 323
583 24
585 337
586 476
586 364
587 478
588 22
588 479
589 6
591 156
591 25
595 39
595 481
595 482
597 24
597 343
598 6
599 483
599 484
599 485
600 486
600 149
601 488
605 439
606 156
606 372
607 6
608 490
608 492
609 493
610 493
611 6
613 496
614 500
614 501
615 503
615 504
616 22
616 359
616 360
616 505
617 25
617 506
617 507
618 508
619 509
619 510
620 18
621 511
622 508
623 292
624 21
624 455
625 23
625 30
625 372
625 169
625 513
625 514
625 515
625 516
626 6
627 518
629 23
629 127
629 520
629 346
629 40
629 521
630 163
630 143
630 36
631 522
632 6
633 62
634 25
634 52
635 21
636 523
637 117
638 6
638 151
639 524
640 96
642 6
642 408
643 6
644 525
645 36
645 526
646 36
647 6
650 22
650 21
650 25
651 144
652 286
652 6
652 248
652 222
652 528
652 529
653 408
654 10
655 6
658 531
658 172
658 99
658 532
658 533
659 103
659 534
659 96
660 10
661 52
662 535
663 6
663 149
664 537
665 30
665 36
665 465
666 21
666 156
667 421
668 287
669 538
672 6
673 364
673 441
673 539
673 540
675 10
676 156
677 233
677 542
677 234
678 10
679 543
679 544
680 63
681 6
682 21
682 545
682 518
684 21
684 30
684 6
684 52
685 6
686 25
687 6
687 25
688 23
688 6
688 123
689 6
689 49
689 30
689 546
689 341
689 112
689 463
689 57
689 132
689 547
689 211
689 43
690 63
691 548
692 17
694 57
694 170
694 551
694 66
695 63
695 64
696 10
697 23
697 25
697 552
697 52
697 553
697 555
698 21
698 165
698 17
699 487
699 488
701 557
703 25
703 226
703 321
703 8
704 30
704 25
704 558
704 36
705 559
705 560
706 10
707 30
707 460
708 25
708 561
709 562
710 156
710 162
710 564
711 79
711 565
711 462
712 330
712 145
713 567
714 569
714 292
715 79
715 51
715 570
715 158
716 6
717 161
718 6
719 25
719 323
720 572
722 10
723 573
724 574
725 23
725 79
725 343
725 575
726 576
726 556
726 577
727 30
727 248
727 479
727 74
727 578
727 579
727 580
728 581
729 17
730 582
730 6
730 479
730 292
730 172
731 346
731 583
732 6
732 99
732 584
734 10
735 249
735 585
735 586
736 292
736 172
738 55
740 10
741 589
742 6
743 251
744 39
745 6
745 590
746 222
746 335
747 6
747 325
747 136
747 529
748 49
749 25
750 286
750 335
751 6
751 39
751 136
752 592
753 376
754 10
755 30
755 372
758 6
758 151
759 10
760 21
760 156
761 594
763 242
764 595
764 593
764 340
765 596
766 236
767 597
767 598
767 151
768 21
768 600
769 6
770 601
771 49
772 6
772 151
774 103
774 6
775 23
775 6
776 602
777 64
778 409
779 603
779 604
779 605
779 606
780 352
780 323
781 607
782 10
783 608
783 609
783 25
783 251
785 103
786 610
787 10
788 337
789 103
790 162
790 81
791 75
792 480
792 612
793 442
793 613
794 562
795 17
796 17
797 10
798 542
799 83
800 52
802 123
802 52
804 21
804 156
804 567
804 161
804 295
805 616
805 617
805 618
806 249
806 620
806 621
807 6
807 238
807 409
807 622
808 25
809 6
809 0
809 99
810 10
811 6
811 623
812 25
813 39
813 75
813 340
813 190
813 624
813 350
814 21
814 156
814 30
814 564
816 30
816 25
816 36
818 10
819 6
819 30
820 626
820 627
822 177
822 6
822 21
822 169
822 25
822 325
822 165
822 629
822 143
822 630
823 376
824 631
825 162
828 6
829 21
829 156
830 10
831 632
832 455
833 359
833 360
835 6
836 44
837 633
837 361
837 369
837 564
838 22
839 25
839 30
840 413
841 21
841 30
841 25
841 165
842 634
843 6
843 635
843 479
844 30
845 103
847 49
847 488
848 636
848 637
849 6
849 638
850 421
850 439
850 639
851 36
851 640
851 372
852 6
853 284
854 641
855 22
856 642
857 25
858 277
859 641
860 241
861 25
862 163
863 21
863 30
864 643
865 6
866 644
866 645
866 646
868 52
868 647
869 203
869 21
870 6
870 49
872 6
872 648
872 149
872 649
873 650
874 10
875 40
876 387
877 10
878 651
880 564
880 141
881 135
882 382
882 652
882 383
882 302
883 6
883 15
884 416
884 383
884 302
885 576
886 6
887 653
888 567
888 45
888 83
888 654
888 564
889 177
889 6
889 25
889 68
889 655
889 656
891 6
892 657
893 156
894 416
894 382
894 658
894 652
894 383
894 427
894 660
894 661
894 662
894 663
895 22
895 286
895 664
895 541
895 665
895 666
895 172
895 667
895 669
896 671
897 673
898 639
899 25
899 583
899 71
899 460
899 674
899 556
899 675
900 676
901 6
902 25
902 60
904 156
904 83
905 677
906 6
906 25
907 616
907 678
907 617
907 679
908 222
908 286
909 10
910 103
911 21
911 564
912 680
912 681
913 286
913 292
913 682
913 683
913 172
913 293
913 580
915 21
915 685
916 103
916 52
916 372
916 572
917 686
918 21
918 248
918 687
918 8
918 689
918 691
920 23
921 692
922 203
923 593
925 22
925 271
925 694
925 335
926 39
926 602
926 640
926 372
929 30
929 697
929 698
930 699
930 651
931 600
931 81
932 593
933 94
933 700
934 127
934 324
934 164
934 307
934 702
934 703
934 421
934 705
934 706
934 220
934 673
934 143
934 708
935 21
937 6
939 163
939 364
939 51
939 363
939 249
939 710
939 29
939 711
939 712
939 619
940 6
940 30
940 17
941 715
943 16
943 717
944 436
945 716
946 6
946 30
946 698
947 10
948 51
948 147
948 363
948 249
948 718
948 719
948 705
948 655
949 17
950 10
951 10
953 720
955 10
956 10
957 293
957 292
957 722
957 580
958 103
959 723
960 724
960 725
961 80
961 10
962 372
962 698
963 10
964 726
964 584
965 727
966 728
967 22
967 86
967 490
968 729
968 479
969 21
969 60
970 60
971 6
971 449
971 151
971 730
972 117
972 732
973 6
973 136
974 734
975 6
975 21
975 735
975 99
975 736
976 17
977 99
978 726
978 739
978 740
979 10
981 52
981 687
982 10
983 436
984 741
985 729
986 10
987 156
987 83
988 742
989 25
990 743
991 10
992 493
993 10
994 744
995 17
995 529
996 21
996 156
996 745
997 746
998 747
999 16
1000 748
1000 25
1000 36
1000 523
1000 143
1000 251
1001 694
1001 749
1002 144
1003 750
1004 226
1004 8
1005 751
1006 752
1007 30
1009 30
1011 754
1012 10
1013 156
1013 567
1013 84
1013 755
1015 6
1015 409
1016 17
1017 619
1018 156
1018 30
1018 25
1018 756
1018 640
1019 25
1019 16
1019 52
1020 6
1021 6
1023 6
1023 723
1024 23
1025 387
1026 144
1027 39
1028 6
1028 149
1029 364
1029 31
1029 706
1030 79
1031 760
1032 761
1032 91
1033 762
1034 30
1034 17
1034 523
1034 161
1035 462
1036 211
1038 6
1039 10
1040 287
1044 21
1044 764
1046 25
1047 409
1048 6
1049 363
1049 249
1049 30
1049 244
1049 765
1049 766
1049 767
1049 147
1049 769
1050 770
1051 753
1051 751
1052 21
1053 6
1053 52
1054 612
1055 103
1056 30
1056 25
1056 756
1057 685
1058 729
1059 23
1059 421
1059 123
1060 6
1061 25
1061 638
1062 6
1063 772
1064 481
1065 773
1065 52
1066 16
1066 343
1067 774
1067 775
1067 74
1067 776
1068 6
1070 6
1070 25
1071 30
1071 143
1072 640
1072 372
1072 698
1073 6
1074 156
1075 778
1075 779
1076 754
1077 780
1077 781
1077 782
1079 23
1079 123
1080 783
1081 30
1081 25
1081 16
1082 30
1082 372
1083 52
1084 22
1084 25
1085 784
1085 785
1085 786
1085 787
1085 788
1086 23
1086 6
1086 49
1086 30
1086 25
1086 229
1086 52
1086 17
1087 30
1087 789
1087 25
1087 260
1088 791
1090 6
1090 311
1090 723
1091 723
1092 10
1093 10
1094 25
1094 792
1094 36
1094 793
1094 794
1094 486
1094 465
1094 796
1094 797
1094 798
1094 799
1094 800
1094 802
1094 197
1094 564
1094 803
1094 264
1094 805
1094 806
1095 10
1096 10
1097 807
1098 729
1099 30
1099 36
1099 248
1099 543
1099 251
1100 6
1101 6
1102 25
1102 481
1102 808
1103 437
1106 687
1107 39
1108 6
1108 246
1109 811
1109 25
1110 812
1111 619
1112 813
1112 36
1112 60
1113 475
1113 814
1115 16
1116 30
1116 25
1117 25
1118 816
1118 818
1119 16
1121 21
1121 156
1121 819
1121 820
1121 821
1122 103
1122 117
1122 534
1122 672
1122 822
1123 823
1124 30
1124 729
1126 103
1127 824
1128 30
1128 25
1128 825
1128 143
1129 439
1131 11
1132 21
1133 6
1133 30
1134 21
1134 30
1135 6
1135 73
1135 288
1136 225
1137 752
1138 6
1138 623
1138 136
1139 6
1139 136
1140 30
1140 36
1140 827
1141 486
1141 828
1142 6
1143 578
1143 619
1144 6
1145 30
1145 25
1145 123
1145 829
1145 830
1145 831
1145 832
1145 17
1145 372
1145 833
1145 834
1145 835
1145 836
1146 156
1146 837
1148 838
1149 158
1149 7
1149 840
1149 841
1149 842
1149 843
1149 844
1149 845
1149 846
1151 6
1151 21
1151 25
1151 244
1151 229
1151 323
1151 832
1151 847
1151 729
1152 812
1153 31
1153 558
1153 684
1153 706
1153 759
1153 849
1155 249
1155 789
1155 850
1155 851
1156 6
1156 852
1157 6
1157 60
1157 16
1157 151
1158 17
1159 6
1159 73
1159 151
1159 853
1160 376
1161 23
1161 21
1162 6
1162 855
1163 96
1164 23
1164 127
1164 352
1165 6
1165 325
1165 409
1166 226
1167 409
1168 21
1168 8
1168 856
1169 25
1170 156
1170 84
1171 857
1172 30
1172 25
1173 364
1173 31
1173 558
1173 816
1173 858
1173 52
1173 147
1174 860
1174 861
1175 812
1178 812
1179 286
1180 6
1180 74
1181 25
1181 687
1181 638
1181 488
1182 290
1183 789
1184 63
1185 21
1185 8
1186 862
1186 638
1187 21
1189 251
1190 271
1190 706
1190 863
1190 93
1190 222
1190 372
1190 864
1190 335
1191 6
1191 698
1192 6
1193 735
1193 30
1194 292
1194 293
1194 865
1194 172
1194 866
1195 6
1195 25
1195 151
1195 826
1195 136
1195 473
1196 23
1196 21
1196 30
1197 21
1198 82
1198 123
1198 867
1199 868
1200 323
1200 165
1201 286
1201 6
1201 21
1201 25
1201 155
1201 869
1201 698
1202 870
1202 599
1203 16
1204 30
1204 25
1205 308
1205 871
1206 6
1206 249
1206 597
1206 759
1206 136
1206 698
1206 873
1207 25
1208 6
1208 25
1208 39
1209 6
1209 74
1209 73
1210 874
1211 6
1211 558
1211 39
1211 602
1211 308
1211 151
1211 409
1212 481
1213 439
1214 6
1214 623
1215 875
1217 21
1219 6
1219 151
1219 876
1220 226
1221 16
1221 619
1221 110
1222 877
1223 6
1224 6
1224 372
1225 25
1226 25
1227 286
1227 127
1227 21
1227 249
1227 25
1227 165
1228 30
1228 372
1228 698
1228 878
1229 346
1230 0
1230 879
1231 880
1232 144
1233 882
1233 351
1234 30
1234 883
1234 25
1234 793
1234 465
1234 884
1234 52
1234 796
1234 885
1235 6
1235 156
1235 82
1235 30
1235 84
1236 23
1236 6
1236 30
1236 25
1236 17
1237 23
1237 17
1237 556
1238 882
1239 886
1240 723
1241 363
1241 249
1241 51
1241 147
1242 6
1242 481
1242 887
1242 268
1242 52
1242 149
1242 876
1243 337
1244 888
1245 6
1245 886
1246 16
1247 49
1248 123
1249 874
1249 508
1249 889
1250 30
1250 25
1251 455
1252 830
1252 165
1252 94
1252 672
1252 890
1253 30
1254 21
1254 156
1255 23
1256 22
1256 892
1256 893
1256 260
1257 876
1258 249
1258 789
1259 789
1259 388
1259 343
1259 895
1259 864
1260 21
1260 896
1260 460
1260 898
1260 899
1260 829
1260 900
1260 17
1260 901
1260 227
1260 902
1261 6
1261 25
1261 903
1261 904
1262 16
1262 343
1262 110
1263 23
1263 6
1263 21
1263 25
1263 229
1263 481
1263 94
1263 905
1265 94
1265 149
1266 22
1266 360
1267 906
1267 68
1268 875
1269 6
1269 907
1269 908
1270 906
1271 909
1272 308
1272 751
1273 699
1273 910
1274 21
1274 249
1274 460
1274 463
1274 911
1274 547
1274 912
1275 465
1276 30
1276 397
1276 372
1278 156
1278 82
1278 25
1278 558
1279 914
1280 30
1281 52
1281 619
1281 593
1282 915
1283 30
1283 916
1283 36
1283 917
1283 52
1284 400
1285 249
1285 864
1286 165
1287 6
1287 918
1288 6
1289 6
1289 39
1289 321
1290 6
1291 144
1292 6
1293 919
1294 177
1294 30
1294 25
1294 328
1294 455
1295 881
1296 915
1296 30
1296 79
1296 759
1297 523
1299 6
1299 920
1300 25
1301 30
1301 300
1302 812
1303 6
1304 619
1304 921
1305 922
1306 271
1307 256
1308 74
1308 30
1308 488
1309 0
1309 923
1311 42
1313 6
1313 308
1313 409
1313 149
1313 889
1314 753
1314 751
1315 925
1316 6
1317 80
1317 926
1317 927
1317 928
1317 930
1317 931
1317 652
1318 925
1320 23
1320 25
1320 372
1321 6
1322 244
1322 325
1322 151
1323 188
1323 858
1323 308
1323 529
1324 16
1324 932
1325 323
1325 165
1326 933
1327 458
1328 934
1328 935
1328 165
1329 21
1329 30
1329 25
1329 165
1330 308
1331 17
1332 36
1332 874
1333 23
1333 25
1334 82
1334 83
1334 729
1335 6
1335 25
1336 6
1336 886
1337 6
1339 619
1339 936
1341 819
1342 30
1342 52
1343 21
1343 155
1343 323
1343 707
1345 6
1346 937
1347 751
1348 938
1348 59
1349 164
1349 165
1350 21
1351 52
1352 164
1352 939
1352 165
1353 812
1354 164
1354 939
1354 165
1355 801
1355 940
1356 751
1357 941
1358 942
1359 6
1360 943
1361 598
1362 346
1363 17
1364 79
1364 944
1365 6
1365 136
1366 21
1366 30
1366 437
1366 17
1366 640
1366 143
1366 251
1367 6
1367 945
1368 6
1368 74
1368 136
1368 698
1369 144
1370 144
1371 156
1371 946
1372 144
1373 947
1374 103
1375 294
1376 948
1377 84
1377 949
1377 400
1378 950
1379 21
1379 156
1380 951
1381 437
1381 161
1381 837
1382 21
1384 25
1385 859
1385 343
1386 23
1386 556
1388 59
1388 753
1389 156
1389 84
1390 161
1391 952
1392 6
1392 25
1393 21
1393 437
1394 6
1395 400
1396 277
1396 82
1396 954
1396 745
1396 372
1397 161
1399 290
1400 956
1401 6
1401 25
1402 123
1402 83
1402 600
1402 84
1402 957
1403 25
1404 165
1405 42
1406 42
1407 30
1407 172
1409 17
1410 6
1410 958
1410 959
1410 960
1413 753
1414 165
1415 23
1416 23
1416 30
1416 25
1417 751
1418 161
1418 961
1419 6
1419 409
1420 268
1421 917
1422 716
1423 963
1423 964
1423 965
1423 966
1424 63
1424 8
1425 127
1425 30
1425 967
1425 869
1426 400
1428 968
1428 969
1429 567
1431 25
1432 30
1433 36
1434 6
1434 324
1434 648
1434 421
1434 971
1435 79
1436 42
1436 15
1438 6
1438 52
1439 23
1439 156
1439 30
1439 729
1440 773
1442 144
1443 21
1443 156
1443 84
1444 6
1445 144
1446 400
1447 400
1448 144
1449 972
1450 925
1451 52
1452 973
1453 52
1454 25
1454 825
1456 21
1456 161
1456 698
1456 227
1457 39
1459 508
1460 22
1460 490
1460 491
1460 360
1460 695
1460 492
1461 975
1462 958
1462 959
1464 338
1464 6
1464 25
1464 974
1465 977
1465 978
1466 6
1467 6
1467 229
1467 52
1468 6
1468 409
1469 23
1469 338
1469 21
1469 31
1469 244
1469 706
1470 757
1470 287
1472 16
1473 30
1473 25
1474 25
1475 752
1475 400
1476 21
1476 567
1477 30
1477 25
1477 16
1477 619
1478 6
1478 980
1479 25
1479 639
1480 308
1481 6
1481 25
1481 640
1481 143
1482 981
1483 982
1484 117
1485 6
1485 144
1486 25
1486 16
1486 619
1487 465
1488 23
1488 6
1488 21
1488 25
1490 25
1490 52
1491 481
1492 983
1493 30
1494 284
1495 984
1495 25
1495 36
1495 698
1495 143
1496 6
1498 286
1498 695
1499 986
1500 6
1500 325
1500 406
1501 21
1501 30
1501 377
1501 372
1501 982
1501 987
1502 21
1502 8
1503 30
1503 25
1503 52
1503 17
1504 986
1505 151
1506 120
1507 23
1507 6
1507 21
1507 136
1507 630
1507 528
1508 6
1508 249
1508 308
1508 599
1509 989
1510 6
1510 21
1510 229
1510 623
1510 149
1510 136
1510 990
1510 529
1511 25
1511 290
1512 438
1513 17
1514 991
1514 230
1514 165
1514 639
1515 6
1515 0
1515 826
1515 136
1516 599
1517 21
1518 16
1518 895
1518 993
1518 891
1519 6
1520 6
1521 6
1521 52
1522 63
1522 8
1523 431
1523 156
1523 30
1523 25
1523 996
1523 997
1523 165
1523 826
1523 149
1523 999
1523 1000
1523 1001
1524 30
1525 1002
1527 981
1528 1003
1529 6
1529 30
1530 291
1530 22
1532 819
1533 6
1534 364
1535 21
1535 161
1535 84
1535 310
1537 635
1538 16
1539 156
1539 310
1540 21
1540 421
1540 60
1541 6
1542 6
1543 25
1544 30
1544 25
1547 23
1547 578
1547 25
1547 1005
1547 994
1547 149
1547 1006
1549 1007
1550 308
1551 780
1551 781
1551 782
1552 21
1553 1008
1553 1009
1554 16
1554 619
1555 16
1556 16
1557 236
1557 74
1557 1010
1557 143
1557 1011
1558 16
1559 16
1560 23
1560 748
1560 21
1560 25
1560 523
1561 1012
1562 21
1562 156
1563 30
1563 36
1564 16
1564 619
1565 363
1565 16
1566 338
1566 1013
1566 1014
1566 752
1566 1015
1567 508
1568 23
1568 25
1568 17
1569 16
1569 619
1570 286
1570 30
1571 21
1571 156
1572 21
1572 63
1572 1016
1572 226
1572 8
1573 21
1573 227
1573 460
1573 161
1574 1017
1575 6
1577 908
1578 30
1578 284
1579 421
1579 688
1579 1019
1580 454
1581 25
1581 638
1582 695
1583 6
1583 25
1584 6
1584 21
1586 64
1586 819
1587 6
1587 916
1587 25
1587 598
1588 6
1589 286
1589 1020
1589 222
1589 335
1590 6
1591 6
1592 30
1592 25
1593 52
1593 885
1593 1022
1594 6
1595 454
1596 30
1596 52
1599 6
1602 0
1602 52
1603 465
1604 819
1604 1023
1605 25
1606 283
1606 328
1608 619
1608 687
1609 819
1610 1025
1611 30
1611 36
1611 534
1612 6
1612 117
1612 859
1612 151
1612 52
1612 473
1612 1026
1613 991
1613 1027
1613 30
1614 364
1614 31
1614 706
1614 759
1615 1008
1615 1009
1615 1028
1616 6
1616 21
1616 25
1616 36
1616 165
1616 907
1616 1029
1617 23
1618 16
1618 619
1619 23
1619 80
1619 6
1619 30
1619 25
1619 229
1619 52
1619 1030
1620 68
1620 17
1621 308
1621 16
1622 30
1622 25
1622 16
1622 619
1623 454
1624 30
1624 25
1624 16
1624 619
1625 6
1626 16
1627 22
1627 30
1627 64
1628 16
1629 6
1629 25
1629 602
1629 308
1630 23
1630 6
1630 123
1631 6
1632 363
1632 811
1632 816
1633 0
1633 52
1634 16
1635 22
1635 286
1635 271
1635 1031
1635 1032
1635 1034
1635 1035
1637 310
1638 619
1639 694
1640 16
1640 619
1640 687
1641 16
1642 621
1643 127
1643 21
1643 1036
1644 16
1644 619
1645 695
1645 974
1646 619
1647 30
1647 25
1648 164
1648 1037
1648 165
1648 834
1649 364
1649 16
1650 0
1650 16
1650 553
1651 30
1651 16
1651 619
1652 25
1652 1038
1653 156
1653 82
1653 84
1653 372
1653 698
1654 1039
1654 454
1655 298
1655 1040
1656 6
1657 188
1657 308
1658 6
1659 0
1660 16
1660 619
1661 1041
1661 1042
1661 593
1662 6
1662 60
1662 451
1663 16
1664 308
1664 759
1665 21
1665 82
1665 161
1666 6
1666 151
1667 907
1667 908
1668 6
1668 1043
1670 30
1670 619
1671 52
1672 236
1672 127
1672 30
1672 25
1672 437
1673 6
1674 1044
1675 1045
1676 80
1676 6
1676 30
1676 79
1676 149
1677 944
1678 16
1680 23
1680 896
1680 897
1680 460
1680 829
1680 1046
1680 900
1680 17
1680 227
1681 16
1681 619
1682 6
1682 30
1683 23
1683 21
1683 156
1683 25
1683 792
1683 460
1683 437
1683 523
1683 465
1683 796
1683 1047
1683 798
1683 1048
1683 1030
1683 802
1684 421
1684 809
1684 149
1684 876
1685 16
1686 585
1687 16
1688 308
1688 16
1689 23
1689 6
1689 229
1690 22
1693 6
1693 30
1693 1051
1693 372
1694 52
1695 22
1695 343
1695 698
1696 52
1697 6
1697 25
1698 51
1698 1052
1699 1053
1700 16
1701 30
1701 308
1701 372
1702 25
1702 68
1702 16
1702 619
1703 248
1703 507
1704 30
1704 25
1704 60
1704 507
1704 372
1705 970
1706 25
1706 1055
1706 308
1707 621
1707 172
1708 25
1708 57
1708 1056
1709 1057
1711 308
1711 751
1712 493
1712 17
1713 310
1714 751
1715 25
1716 30
1716 25
1716 619
1717 439
1718 30
1720 16
1720 110
1721 16
1723 22
1723 156
1723 74
1723 30
1723 545
1723 45
1723 756
1723 1059
1723 867
1723 64
1723 568
1723 698
1723 1060
1724 16
1724 619
1725 1042
1726 51
1727 363
1727 619
1728 25
1728 16
1728 619
1730 16
1730 619
1731 6
1732 16
1733 16
1733 619
1734 298
1734 1040
1735 16
1736 944
1737 16
1738 363
1738 16
1738 619
1740 16
1741 16
1742 864
1743 94
1744 16
1745 16
1747 21
1747 30
1747 25
1748 308
1748 16
1749 30
1751 16
1753 16
1754 16
1754 619
1754 687
1756 16
1757 619
1758 16
1759 619
1760 16
1761 30
1761 25
1761 16
1763 16
1763 619
1764 16
1764 619
1765 16
1765 619
1766 619
1767 796
1768 16
1769 308
1769 16
1769 619
1770 6
1770 143
1771 6
1771 25
1772 30
1772 25
1773 0
1774 25
1774 16
1774 619
1775 16
1775 619
1776 16
1777 951
1778 16
1778 619
1779 16
1780 6
1780 511
1780 599
1780 136
1781 6
1781 358
1782 1062
1784 1063
1785 1064
1786 16
1787 22
1787 286
1788 6
1789 60
1789 1065
1790 21
1791 30
1791 25
1791 16
1791 619
1792 16
1792 619
1793 811
1793 944
1794 6
1794 39
1794 534
1796 308
1796 16
1797 156
1798 16
1798 687
1799 30
1799 16
1800 16
1801 30
1801 16
1802 80
1802 291
1802 286
1802 984
1802 664
1802 761
1802 294
1802 292
1802 293
1802 865
1802 172
1802 1067
1802 1068
1802 667
1802 1070
1802 1071
1803 25
1804 156
1806 22
1807 0
1807 16
1808 25
1808 1072
1809 21
1809 30
1810 6
1810 21
1810 25
1810 52
1811 437
1812 428
1813 837
1815 103
1815 1073
1815 534
1815 1074
1815 572
1815 672
1815 822
1816 6
1816 599
1817 16
1817 619
1818 913
1818 431
1818 6
1818 486
1818 397
1818 372
1819 16
1819 619
1820 364
1820 1075
1821 79
1821 462
1821 16
1821 395
1821 1076
1821 110
1821 651
1822 30
1822 16
1823 16
1823 619
1825 16
1826 30
1826 372
1827 16
1828 16
1829 6
1829 308
1829 16
1830 16
1830 619
1831 308
1831 16
1832 23
1832 25
1832 36
1832 1078
1832 17
1832 372
1834 16
1835 6
1836 363
1837 619
1838 155
1838 481
1838 39
1839 16
1840 23
1840 236
1840 164
1840 30
1840 705
1840 248
1840 165
1840 1078
1842 6
1842 151
1843 25
1844 6
1845 6
1845 39
1845 143
1846 30
1847 619
1849 1079
1849 1080
1850 490
1850 308
1851 6
1851 17
1852 481
1852 1081
1854 6
1854 1082
1855 751
1856 6
1856 25
1856 17
1857 1082
1858 1083
1859 30
1860 6
1860 30
1861 103
1861 36
1862 16
1862 619
1863 16
1863 619
1864 16
1864 619
1865 30
1865 789
1866 1084
1867 1085
1868 338
1868 1086
1868 874
1869 1087
1870 52
1871 602
1871 60
1872 84
1873 576
1874 25
1875 156
1875 84
1877 94
1877 672
1877 1088
1877 673
1878 6
1879 25
1880 6
1880 73
1880 1089
1881 25
1881 154
1882 6
1883 277
1883 951
1884 6
1885 454
1886 21
1886 82
1886 155
1886 481
1886 83
1886 745
1886 84
1887 30
1887 16
1887 619
1888 454
1889 25
1890 249
1890 620
1890 1091
1891 16
1891 619
1892 337
1893 16
1893 619
1894 16
1894 619
1895 6
1895 869
1896 25
1897 25
1898 30
1899 292
1899 621
1900 249
1900 79
1900 1092
1900 1093
1902 1094
1903 6
1903 1095
1904 94
1904 672
1904 1088
1904 673
1904 1096
1905 25
1905 16
1906 23
1907 30
1907 191
1908 16
1908 94
1909 39
1909 688
1909 190
1910 21
1910 64
1911 25
1911 763
1912 1097
1913 6
1913 531
1913 30
1915 1098
1915 1099
1916 161
1916 687
1916 994
1917 1100
1918 6
1918 638
1919 1101
1920 30
1921 25
1921 602
1922 16
1923 6
1923 25
1923 16
1923 1102
1924 619
1925 25
1925 1103
1926 60
1926 1104
1928 481
1928 154
1929 748
1929 328
1929 534
1929 63
1929 523
1929 329
1929 151
1929 583
1929 1106
1930 25
1930 1107
1931 10
1932 16
1933 308
1933 16
1933 619
1934 619
1934 136
1935 30
1935 986
1936 25
1936 1058
1937 16
1937 619
1938 0
1938 907
1938 908
1939 352
1940 16
1941 30
1941 99
1941 753
1941 751
1942 6
1942 249
1942 602
1942 409
1942 599
1943 6
1944 6
1944 409
1944 136
1946 25
1946 294
1946 506
1947 1108
1948 286
1948 1035
1949 6
1949 21
1950 16
1951 52
1952 6
1952 30
1952 25
1953 103
1953 6
1953 25
1954 1109
1955 1110
1956 1109
1957 308
1957 16
1957 619
1958 1111
1960 619
1960 1107
1961 23
1961 338
1961 286
1961 21
1961 188
1961 31
1961 25
1961 0
1961 460
1961 36
1961 437
1961 1112
1961 161
1961 60
1961 1113
1961 16
1961 1114
1961 1115
1961 40
1961 366
1961 52
1961 619
1961 51
1961 1048
1961 367
1961 1116
1961 801
1961 1060
1961 609
1961 1117
1961 178
1961 368
1961 1119
1962 39
1962 372
1963 155
1963 154
1963 1120
1963 1121
1963 1122
1964 944
1965 294
1965 1123
1966 271
1966 694
1967 815
1968 944
1969 25
1970 30
1970 25
1971 22
1973 1125
1974 156
1976 23
1976 951
1977 1126
1978 6
1978 39
1978 599
1980 684
1980 1052
1981 6
1981 421
1981 598
1982 701
1983 49
1984 127
1984 25
1986 697
1987 156
1987 25
1987 36
1987 706
1987 52
1987 1078
1987 759
1987 640
1987 638
1989 1127
1991 236
1991 30
1991 36
1991 1128
1991 1129
1991 143
1992 25
1993 6
1993 149
1993 136
1993 746
1994 12
1995 361
1996 506
1997 30
1997 25
1997 16
1997 619
1999 156
1999 84
2000 907
2000 1131
2001 21
2001 156
2001 1132
2003 25
2004 490
2004 491
2004 694
2005 6
2005 1133
2005 73
2005 1134
2006 23
2006 22
2006 286
2006 156
2006 352
2006 246
2006 1135
2006 123
2006 294
2006 165
2006 971
2006 1136
2006 695
2007 6
2007 25
2007 1137
2008 236
2008 6
2008 74
2008 244
2008 325
2008 308
2008 1138
2008 248
2008 151
2008 409
2008 599
2008 876
2008 136
2009 25
2009 1107
2010 52
2010 1139
2011 21
2011 60
2011 825
2012 6
2013 619
2014 619
2015 6
2016 6
2016 30
2016 136
2016 372
2017 149
2017 986
2019 6
2019 122
2020 52
2022 21
2024 22
2025 6
2026 364
2026 16
2027 308
2027 367
2028 52
2029 23
2029 16
2030 481
2031 21
2031 30
2032 25
2032 1090
2033 6
2033 25
2034 1141
2034 1142
2035 908
2036 23
2036 1143
2036 25
2036 1144
2036 461
2036 220
2036 24
2037 6
2037 248
2037 52
2038 6
2038 21
2038 460
2039 6
2040 84
2041 22
2041 6
2042 991
2042 30
2043 6
2043 623
2043 136
2044 323
2044 165
2045 388
2045 1111
2045 448
2046 421
2046 123
2048 6
2048 30
2049 84
2051 127
2051 6
2051 229
2053 363
2054 16
2055 703
2055 863
2055 16
2056 6
2057 6
2058 23
2058 6
2058 30
2058 770
2059 490
2059 491
2059 284
2060 127
2060 1142
2062 1142
2063 23
2063 21
2063 896
2063 249
2063 30
2063 244
2063 898
2064 22
2064 74
2064 328
2064 246
2064 350
2064 248
2064 869
2065 23
2065 748
2065 156
2065 437
2065 161
2065 465
2065 248
2065 52
2065 17
2065 1146
2065 1060
2066 25
2066 39
2067 127
2068 6
2068 1142
2070 6
2070 39
2070 602
2070 248
2070 372
2070 698
2071 123
2071 1142
2072 156
2072 707
2072 64
2073 6
2073 1148
2074 6
2075 161
2075 1149
2076 23
2076 30
2076 25
2076 460
2076 859
2076 52
2076 17
2077 17
2079 16
2079 1151
2081 1025
2081 16
2082 25
2083 21
2083 25
2083 829
2083 1152
2083 831
2083 833
2083 1153
2084 323
2084 165
2085 30
2085 25
2085 251
2086 73
2087 25
2088 30
2089 21
2089 156
2089 169
2089 867
2089 1154
2091 621
2091 178
2092 481
2092 1081
2093 103
2093 431
2093 388
2093 450
2093 257
2094 30
2094 63
2094 884
2094 226
2094 8
2095 1155
2096 25
2097 25
2099 448
2099 372
2100 84
2101 6
2102 1025
2102 16
2103 1156
2104 454
2106 22
2106 283
2106 21
2106 30
2106 1157
2106 284
2108 944
2109 465
2110 388
2110 39
2111 6
2111 1158
2111 136
2112 286
2112 1159
2113 753
2114 6
2114 1160
2115 22
2116 753
2117 127
2117 6
2117 1161
2119 1162
2121 439
2122 22
2122 1163
2123 21
2123 74
2123 73
2123 248
2123 826
2124 16
2124 619
2125 1050
2126 16
2127 16
2127 619
2128 16
2128 619
2128 178
2129 36
2130 103
2130 36
2130 534
2130 96
2130 1074
2131 748
2131 1027
2131 1164
2131 1165
2132 431
2132 6
2132 0
2132 1166
2133 6
2133 311
2133 1168
2134 6
2135 1169
2136 22
2136 308
2136 688
2137 23
2137 648
2137 30
2137 789
2137 0
2137 40
2137 238
2138 6
2139 481
2140 30
2140 25
2140 36
2140 706
2140 759
2141 619
2142 1004
2142 1170
2143 421
2144 6
2144 648
2144 30
2144 372
2144 698
2145 1171
2146 1172
2147 1172
2148 74
2148 30
2148 25
2148 246
2148 36
2148 350
2148 1173
2148 308
2148 1004
2148 1175
2148 1078
2148 310
2149 1176
2149 1177
2149 1178
2149 1180
2149 1181
2151 16
2152 127
2153 30
2154 22
2154 30
2155 619
2156 23
2156 6
2157 16
2158 363
2159 16
2159 619
2160 862
2161 16
2162 862
2163 161
2164 6
2164 0
2165 1182
2166 16
2167 23
2167 30
2168 6
2169 25
2170 155
2170 481
2170 487
2171 602
2171 1183
2173 127
2173 21
2173 248
2173 698
2175 30
2175 25
2175 437
2175 52
2175 885
2175 1030
2176 439
2177 6
2177 17
2178 63
2178 8
2179 291
2179 364
2180 6
2180 73
2181 25
2182 6
2182 25
2183 16
2183 619
2184 6
2185 21
2186 16
2186 619
2188 619
2189 52
2190 1185
2190 1186
2190 1030
2190 1187
2191 23
2191 372
2192 21
2192 156
2193 738
2193 1188
2193 1141
2193 25
2193 1189
2193 1135
2193 223
2193 24
2193 1165
2193 829
2193 465
2193 506
2193 1190
2193 165
2193 1191
2193 999
2193 1192
2193 1124
2194 308
2194 798
2195 25
2195 16
2195 619
2196 277
2196 22
2196 156
2196 954
2196 84
2197 23
2197 74
2197 248
2197 165
2197 284
2198 1169
2199 12
2200 82
2201 6
2201 17
2202 30
2202 25
2202 16
2202 619
2203 30
2203 25
2203 16
2203 619
2204 127
2205 16
2205 619
2206 6
2206 25
2207 481
2208 52
2209 602
2209 165
2210 126
2211 308
2212 271
2213 246
2214 25
2214 819
2215 619
2216 439
2217 16
2217 619
2218 6
2218 25
2218 1193
2218 698
2219 1194
2220 165
2220 688
2221 1195
2222 6
2222 558
2222 39
2222 591
2222 248
2222 869
2222 136
2222 698
2223 30
2224 1196
2224 602
2225 30
2225 161
2225 372
2225 698
2226 21
2226 156
2227 1199
2227 1156
2227 533
2228 1157
2229 23
2229 346
2230 1170
2230 1200
2231 602
2232 6
2232 25
2233 1134
2234 481
2235 127
2237 16
2238 16
2239 619
2240 30
2240 25
2240 16
2241 6
2241 151
2241 1201
2242 819
2243 23
2243 22
2243 6
2243 21
2243 156
2243 25
2243 1203
2244 1204
2245 885
2246 63
2247 286
2247 30
2247 25
2247 39
2248 123
2249 16
2250 6
2250 308
2252 308
2252 16
2252 619
2253 1185
2253 1186
2253 1030
2253 1187
2254 16
2254 619
2255 6
2256 30
2256 16
2256 619
2257 25
2258 21
2259 21
2259 1205
2260 21
2260 30
2260 967
2260 576
2260 878
2263 874
2264 156
2264 30
2264 25
2264 64
2265 21
2267 21
2267 372
2268 30
2268 25
2268 1135
2268 52
2269 874
2271 30
2271 1206
2272 431
2272 25
2272 229
2272 0
2272 1207
2272 52
2272 885
2273 6
2274 23
2274 22
2274 21
2274 25
2275 6
2275 25
2276 6
2277 6
2277 1085
2278 1208
2279 123
2279 809
2279 876
2280 52
2281 1210
2282 246
2283 6
2284 6
2284 757
2285 164
2285 25
2285 123
2285 165
2287 1097
2288 23
2288 22
2288 286
2288 21
2288 156
2288 271
2288 30
2288 702
2288 0
2288 1147
2288 460
2288 36
2288 323
2288 161
2288 223
2288 63
2288 523
2288 165
2288 745
2288 52
2288 1214
2288 826
2288 64
2288 17
2289 6
2291 271
2292 1216
2293 23
2293 21
2293 481
2293 215
2294 22
2294 25
2294 24
2294 372
2295 1217
2296 22
2298 16
2299 1218
2300 1219
2300 1220
2303 161
2304 16
2304 619
2305 1105
2306 6
2306 325
2308 1105
2309 21
2310 363
2311 324
2312 1035
2313 6
2313 511
2314 21
2314 60
2314 825
2315 6
2315 21
2315 25
2315 136
2315 698
2317 829
2317 1152
2319 16
2319 619
2320 490
2321 188
2321 25
2321 308
2321 1221
2323 6
2323 21
2323 74
2323 591
2323 619
2323 826
2323 149
2326 6
2326 1147
2328 6
2328 481
2328 136
2329 1222
2329 355
2329 1223
2330 6
2330 117
2330 998
2330 136
2330 372
2332 248
2332 989
2333 809
2334 449
2334 248
2335 6
2335 123
2336 21
2337 17
2338 23
2338 6
2338 21
2338 30
2338 229
2338 123
2339 1224
2339 16
2339 343
2339 687
2340 30
2340 481
2341 6
2342 6
2343 6
2344 907
2346 6
2346 30
2346 0
2346 52
2347 21
2347 74
2348 23
2348 6
2348 30
2348 60
2349 156
2349 84
2350 706
2351 25
2352 16
2352 619
2353 16
2353 619
2354 6
2354 136
2356 16
2356 619
2357 6
2358 64
2359 6
2360 16
2360 52
2361 291
2362 283
2362 249
2362 789
2362 25
2362 895
2363 36
2364 25
2364 1041
2364 1228
2365 6
2366 30
2366 1229
2367 156
2367 16
2367 1004
2367 310
2368 388
2368 1230
2369 1097
2370 294
2371 363
2372 294
2374 16
2374 619
2375 808
2375 1152
2375 1232
2375 1233
2375 1234
2375 1235
2375 1236
2375 1237
2375 1238
2375 1239
2376 21
2378 16
2380 25
2380 986
2381 22
2382 16
2382 619
2383 248
2385 363
2386 21
2386 460
2386 377
2387 1230
2388 23
2388 127
2388 21
2389 1150
2389 25
2389 829
2389 831
2389 1240
2389 687
2390 6
2391 23
2391 6
2391 21
2391 0
2391 1147
2391 123
2391 52
2391 885
2392 6
2393 481
2394 874
2395 84
2396 16
2396 619
2397 286
2397 1241
2397 895
2398 1243
2399 308
2399 16
2400 21
2400 308
2401 21
2401 156
2401 1244
2402 619
2404 493
2405 6
2405 1245
2406 25
2406 123
2406 165
2407 25
2407 16
2407 619
2408 25
2408 294
2409 874
2410 520
2410 16
2410 619
2411 6
2413 36
2414 25
2415 481
2416 74
2416 169
2416 220
2416 24
2416 284
2416 372
2417 6
2417 39
2418 22
2419 52
2420 25
2421 30
2422 30
2424 25
2425 6
2426 1195
2427 286
2427 421
2428 6
2428 1142
2429 103
2429 127
2429 534
2431 294
2432 6
2432 1147
2433 16
2434 271
2435 6
2436 1245
2437 286
2437 294
2437 1097
2438 23
2438 735
2438 25
2438 0
2438 1147
2438 52
2439 25
2441 16
2441 619
2442 23
2442 21
2442 0
2442 1147
2442 325
2442 123
2442 52
2442 885
2443 16
2443 619
2444 1164
2444 36
2444 223
2445 16
2446 16
2447 16
2448 25
2449 25
2449 1090
2450 23
2450 6
2450 21
2450 25
2451 94
2452 6
2453 363
2454 431
2454 6
2455 23
2455 323
2455 123
2456 64
2458 64
2459 16
2460 308
2460 809
2461 6
2461 1247
2462 286
2462 271
2463 21
2464 996
2465 6
2465 665
2467 21
2467 82
2467 154
2467 1248
2467 60
2467 165
2467 1249
2468 6
2469 286
2469 6
2469 30
2469 25
2469 481
2469 323
2469 854
2470 1250
2470 308
2471 6
2472 1251
2473 1245
2475 165
2476 16
2476 619
2477 21
2478 1252
2478 249
2478 25
2478 1135
2478 60
2478 1104
2479 21
2479 82
2479 25
2479 518
2480 872
2480 809
2480 876
2481 103
2481 6
2481 992
2481 1147
2482 30
2482 16
2483 21
2483 25
2483 460
2483 862
2484 36
2485 308
2485 619
2486 6
2487 789
2487 16
2488 52
2488 876
2489 874
2490 79
2490 565
2490 248
2491 874
2492 363
2493 1253
2494 809
2494 1254
2495 809
2496 6
2497 30
2498 16
2499 364
2501 236
2501 6
2501 858
2501 360
2501 248
2502 16
2503 1055
2504 1192
2505 1100
2507 30
2507 25
2507 36
2507 223
2508 867
2509 968
2510 772
2511 1251
2512 1255
2512 1256
2513 6
2513 30
2514 1257
2515 363
2516 16
2516 619
2517 16
2517 619
2518 6
2518 25
2518 52
2519 6
2519 449
2519 1258
2520 6
2521 6
2521 984
2522 25
2523 127
2523 1027
2523 1259
2523 1164
2523 75
2524 16
2525 294
2526 6
2526 73
2526 1246
2527 21
2528 363
2528 1261
2530 16
2530 619
2533 809
2535 52
2536 809
2537 6
2537 449
2541 30
2542 6
2542 21
2542 74
2542 73
2543 1055
2544 6
2544 874
2545 23
2545 286
2545 21
2545 30
2545 25
2545 829
2546 6
2546 30
2547 6
2548 1243
2548 1262
2549 6
2550 6
2551 21
2551 25
2551 0
2551 1077
2551 1005
2551 52
2551 869
2551 448
2552 30
2552 25
2552 60
2553 286
2553 284
2555 25
2555 328
2555 165
2556 25
2556 1128
2556 506
2557 789
2557 25
2558 80
2558 22
2558 236
2558 248
2559 36
2559 52
2560 1164
2561 6
2561 449
2561 169
2561 325
2562 25
2563 363
2563 308
2564 6
2565 246
2566 1263
2567 1264
2568 277
2568 954
2568 84
2569 31
2569 308
2570 25
2570 325
2571 421
2572 16
2572 619
2573 1265
2574 23
2574 872
2574 25
2574 1266
2574 1077
2574 829
2574 1078
2575 286
2575 364
2576 6
2577 364
2577 172
2578 16
2579 6
2581 6
2582 809
2583 16
2585 809
2586 1227
2587 25
2588 25
2589 363
2590 431
2590 6
2590 346
2591 25
2592 16
2593 16
2593 619
2594 21
2594 30
2594 169
2595 286
2596 22
2596 490
2596 491
2598 16
2599 619
2600 23
2601 21
2602 30
2602 907
2603 6
2604 16
2605 25
2606 1221
2607 6
2607 449
2608 127
2608 30
2608 25
2608 52
2609 6
2610 6
2610 249
2610 789
2610 1137
2611 25
2611 346
2612 16
2612 619
2614 23
2615 16
2616 271
2617 63
2618 6
2619 364
2619 94
2620 25
2621 25
2622 25
2622 1267
2623 324
2623 151
2624 6
2625 16
2625 619
2626 6
2626 591
2626 325
2627 1256
2627 1268
2628 52
2629 25
2629 154
2630 0
2631 68
2632 1269
2633 25
2633 39
2635 52
2636 346
2636 40
2637 164
2637 1270
2637 94
2637 1271
2638 1267
2638 260
2639 294
2639 1272
2640 363
2641 25
2641 481
2641 39
2641 123
2641 165
2642 23
2642 748
2642 21
2642 30
2642 1273
2642 1274
2643 363
2643 1275
2644 6
2644 1276
2645 1277
2646 6
2646 21
2646 437
2647 694
2648 6
2648 772
2649 6
2649 30
2650 6
2650 229
2650 591
2650 350
2650 688
2651 21
2651 156
2651 151
2651 395
2651 730
2653 6
2653 21
2654 25
2655 25
2656 25
2657 6
2657 25
2658 6
2659 23
2659 177
2659 21
2659 156
2659 74
2659 30
2659 598
2659 248
2659 151
2660 156
2661 1278
2661 156
2663 6
2666 872
2667 156
2669 619
2670 1281
2670 25
2671 748
2671 25
2671 829
2672 286
2672 294
2672 284
2673 1078
2674 1269
2675 103
2675 701
2675 246
2677 6
2677 1258
2678 23
2678 21
2678 25
2679 1283
2680 454
2681 6
2681 449
2681 1258
2682 6
2682 451
2684 913
2684 6
2684 30
2684 25
2684 0
2685 21
2685 701
2685 30
2685 25
2685 63
2685 1282
2686 6
2686 74
2686 229
2686 153
2686 151
2687 23
2687 6
2687 21
2687 25
2687 591
2687 151
2687 52
2688 22
2688 21
2688 30
2689 23
2689 6
2689 21
2689 30
2689 328
2689 1284
2689 36
2689 1266
2689 1077
2689 829
2689 1152
2689 52
2689 1285
2690 6
2691 363
2692 25
2692 308
2693 363
2693 10
2694 363
2695 1286
2695 490
2695 1287
2695 215
2695 687
2696 451
2697 6
2698 22
2698 323
2699 22
2699 286
2699 21
2699 156
2701 421
2701 123
2702 156
2702 84
2702 64
2704 25
2704 16
2705 1288
2706 23
2706 22
2706 74
2706 73
2706 248
2707 6
2707 21
2708 338
2708 246
2709 490
2710 884
2711 6
2711 648
2711 520
2711 325
2713 748
2713 30
2713 25
2713 328
2713 60
2714 6
2714 25
2716 25
2718 6
2719 30
2720 25
2720 52
2721 6
2722 449
2722 144
2723 6
2724 6
2724 229
2724 602
2724 308
2725 6
2725 992
2725 25
2725 123
2726 363
2727 6
2728 6
2729 6
2730 598
2731 6
2732 22
2733 6
2733 30
2734 1289
2735 1290
2735 52
2736 94
2737 25
2738 25
2738 16
2739 6
2740 6
2740 346
2740 731
2740 151
2740 94
2740 599
2741 6
2742 6
2742 25
2742 1292
2742 1145
2742 52
2742 885
2743 80
2743 30
2743 25
2743 60
2744 25
2744 421
2744 308
2745 6
2745 249
2746 25
2747 80
2747 6
2747 169
2747 789
2747 958
2747 895
2747 1272
2748 6
2748 1293
2748 1292
2749 16
2749 1294
2749 439
2750 16
2750 619
2751 6
2751 191
2752 60
2752 1090
2753 25
2753 792
2753 923
2753 968
2753 829
2753 1152
2753 1240
2754 79
2754 397
2756 6
2756 52
2756 885
2757 21
2757 153
2758 6
2758 449
2758 39
2758 409
2760 6
2761 6
2762 22
2762 360
2763 6
2763 156
2763 25
2763 545
2763 60
2764 913
2764 127
2764 6
2764 164
2764 21
2764 531
2764 30
2764 1147
2764 1295
2765 80
2765 294
2765 1272
2766 166
2766 1027
2768 6
2769 16
2769 619
2770 6
2770 21
2771 1297
2771 16
2772 25
2773 6
2773 49
2773 117
2773 735
2773 30
2773 25
2773 246
2773 1147
2773 421
2773 39
2773 591
2773 602
2773 325
2773 1292
2773 756
2773 599
2774 25
2774 308
2774 263
2775 6
2776 602
2778 6
2778 25
2778 1225
2778 60
2778 1292
2779 1201
2780 325
2781 156
2782 1279
2784 16
2785 363
2785 30
2786 6
2786 297
2788 1298
2789 6
2789 25
2790 816
2790 323
2791 16
2793 127
2793 25
2793 1299
2794 16
2795 1300
2795 308
2796 6
2798 271
2799 22
2800 21
2801 25
2801 1301
2802 6
2803 1085
2804 103
2805 25
2806 363
2807 16
2808 6
2808 735
2809 6
2810 21
2810 25
2811 6
2811 591
2811 602
2811 325
2812 30
2812 25
2813 363
2814 6
2815 25
2816 6
2816 364
2817 25
2817 1255
2817 397
2818 16
2819 25
2819 16
2820 16
2821 30
2821 25
2821 328
2821 523
2821 29
2822 22
2823 1302
2824 23
2824 127
2824 6
2824 74
2824 229
2824 123
2824 346
2825 598
2825 808
2825 248
2826 6
2826 151
2827 1298
2828 156
2828 39
2828 83
2829 22
2829 286
2829 364
2830 16
2830 619
2831 6
2832 363
2833 6
2834 23
2834 94
2835 6
2836 1303
2837 16
2838 21
2838 701
2838 25
2838 545
2838 954
2838 600
2838 395
2839 249
2839 789
2841 188
2841 186
2841 16
2843 1304
2844 16
2845 21
2845 60
2846 6
2846 1305
2846 151
2846 869
2848 915
2848 308
2849 6
2850 363
2850 1306
2851 52
2853 22
2854 619
2856 1307
2857 156
2857 64
2858 363
2859 23
2859 896
2859 30
2859 244
2859 898
2860 1225
2860 486
2861 308
2862 30
2862 244
2862 706
2862 308
2863 39
2863 126
2864 16
2865 6
2865 25
2866 523
2868 286
2868 123
2869 16
2870 6
2870 21
2871 6
2871 25
2871 1231
2873 308
2874 16
2875 6
2875 1085
2876 619
2877 1308
2879 248
2880 23
2881 16
2882 246
2883 363
2883 1309
2884 363
2885 363
2885 1268
2886 363
2888 363
2889 52
2890 6
2890 21
2890 73
2891 16
2892 421
2892 639
2894 6
2894 30
2894 39
2896 363
2896 1310
2897 25
2897 16
2898 363
2898 1311
2899 1312
2900 481
2900 165
2901 25
2903 156
2903 82
2903 308
2903 867
2904 748
2905 30
2906 1132
2907 363
2909 6
2909 25
2910 94
2911 117
2911 83
2911 395
2912 23
2912 21
2913 6
2913 529
2914 249
2914 789
2914 39
2914 1183
2915 6
2916 6
2916 735
2917 363
2918 6
2919 16
2920 286
2920 490
2921 22
2921 6
2921 155
2921 308
2921 731
2922 16
2923 30
2923 308
2924 363
2925 22
2926 619
2927 619
2928 25
2929 6
2930 6
2930 0
2930 39
2931 36
2933 25
2934 16
2935 363
2936 23
2937 598
2938 363
2939 6
2939 117
2939 1314
2940 6
2941 323
2941 165
2942 23
2942 244
2943 6
2943 39
2944 6
2944 325
2945 6
2946 30
2946 16
2947 25
2948 23
2948 21
2948 591
2948 325
2948 248
2948 151
2949 6
2949 598
2949 325
2950 745
2951 22
2951 789
2951 165
2952 6
2952 364
2953 16
2954 23
2954 21
2954 25
2955 363
2955 1316
2956 126
2957 16
2958 252
2959 94
2960 363
2960 308
2961 25
2962 363
2964 25
2965 23
2966 6
2967 6
2967 25
2968 22
2968 126
2969 906
2970 23
2970 6
2970 244
2971 271
2972 6
2972 648
2972 1317
2972 1027
2972 1164
2972 421
2972 1273
2972 611
2972 817
2973 1318
2974 286
2975 1319
2976 338
2976 1320
2976 363
2977 1320
2977 493
2977 25
2979 1132
2980 25
2980 602
2980 1321
2981 6
2981 1322
2982 16
2984 6
2984 1323
2984 229
2985 6
2985 25
2986 164
2986 328
2987 25
2988 156
2990 388
2990 1324
2991 22
2991 6
2991 21
2991 325
2992 16
2993 23
2993 164
2993 1188
2993 1325
2993 1326
2993 25
2993 328
2993 460
2993 1327
2993 1284
2993 36
2993 1077
2993 1274
2993 1115
2993 248
2993 165
2993 1290
2994 25
2994 1090
2995 6
2996 25
2997 6
2998 1269
2999 363
3000 25
3001 16
3002 82
3002 346
3003 23
3003 748
3003 127
3003 21
3003 249
3003 74
3003 30
3003 789
3003 1329
3003 25
3003 244
3003 1311
3003 1077
3004 188
3004 308
3005 16
3006 545
3007 16
3008 545
3009 103
3009 6
3009 36
3010 6
3011 16
3012 156
3012 82
3012 45
3013 6
3014 6
3014 0
3014 325
3017 324
3017 648
3017 25
3018 323
3019 6
3020 363
3022 25
3022 829
3023 25
3023 154
3024 21
3025 25
3026 1173
3027 816
3027 1310
3028 748
3029 364
3029 1281
3030 21
3030 25
3030 481
3032 21
3033 165
3036 6
3036 1331
3036 0
3037 52
3039 1183
3040 363
3041 6
3042 188
3042 308
3043 23
3043 748
3043 21
3043 1332
3043 1333
3044 25
3046 16
3047 363
3047 1135
3048 363
3049 23
3050 6
3051 291
3051 363
3052 6
3052 550
3054 363
3054 1334
3057 127
3058 1286
3059 16
3059 619
3060 25
3061 25
3061 24
3062 25
3063 6
3064 598
3064 252
3064 248
3064 1085
3065 493
3065 25
3066 6
3067 22
3067 323
3068 236
3068 6
3068 229
3068 123
3069 25
3069 1077
3070 1135
3072 363
3074 6
3074 325
3075 363
3076 6
3077 16
3078 363
3079 364
3079 363
3080 30
3081 21
3081 156
3081 1338
3082 6
3082 25
3082 308
3083 6
3083 308
3083 151
3084 30
3084 25
3084 1077
3084 829
3085 188
3086 127
3086 25
3087 39
3088 6
3089 25
3089 1090
3090 16
3092 21
3093 872
3093 1341
3094 127
3094 21
3094 156
3094 872
3094 30
3094 811
3094 867
3095 6
3096 6
3096 25
3098 30
3099 748
3099 127
3100 25
3100 829
3102 6
3103 6
3103 992
3103 578
3104 6
3105 16
3106 481
3107 6
3107 308
3108 6
3109 6
3110 6
3112 23
3112 6
3112 117
3112 1343
3113 421
3115 1344
3117 1085
3118 364
3118 1345
3119 23
3120 126
3121 25
3122 6
3122 25
3124 22
3124 21
3124 45
3124 1346
3125 60
3126 23
3126 6
3126 25
3126 229
3127 21
3127 156
3127 308
3128 21
3129 25
3129 1128
3130 493
3131 826
3132 117
3132 229
3132 123
3133 6
3133 30
3134 25
3135 23
3135 22
3136 1304
3137 23
3137 22
3137 323
3138 22
3139 286
3141 25
3142 25
3143 23
3143 80
3143 6
3143 789
3144 22
3146 286
3146 21
3146 25
3147 6
3147 1183
3148 6
3148 1292
3148 163
3149 6
3149 94
3150 545
3151 545
3152 21
3152 308
3153 16
3153 619
3154 246
3155 872
3155 1090
3156 25
3157 338
3157 31
3158 6
3159 6
3160 23
3160 103
3160 6
3160 481
3161 165
3162 1340
3163 1027
3163 1259
3164 286
3165 6
3165 117
3165 74
3165 169
3165 811
3165 36
3165 308
3165 248
3165 1221
3166 23
3166 6
3166 1349
3166 156
3166 117
3166 30
3166 25
3166 1350
3166 123
3166 1340
3166 830
3166 730
3167 23
3167 6
3167 169
3168 1340
3169 1351
3170 80
3171 22
3171 286
3172 6
3172 39
3173 6
3173 151
3174 1352
3175 25
3176 6
3177 6
3178 6
3178 297
3179 21
3179 45
3180 248
3181 6
3181 30
3182 6
3182 25
3183 1353
3183 30
3183 36
3183 1077
3183 1274
3184 6
3185 23
3185 6
3187 127
3187 6
3188 286
3188 127
3188 6
3188 324
3188 1259
3188 165
3189 25
3189 39
3189 829
3189 1128
3190 25
3192 6
3193 277
3193 748
3193 21
3194 23
3194 80
3194 1320
3194 25
3194 1327
3194 36
3194 1266
3194 1077
3194 706
3194 1355
3194 161
3194 52
3195 25
3196 6
3197 286
3197 30
3197 169
3197 25
3197 73
3197 248
3199 6
3200 363
3201 6
3201 21
3201 156
3201 460
3201 545
3202 21
3203 421
3204 6
3204 355
3206 25
3206 1356
3207 6
3208 23
3208 327
3208 22
3208 1357
3209 364
3209 25
3210 598
3212 1078
3213 811
3214 25
3215 919
3216 177
3216 25
3216 437
3216 829
3217 1358
3217 481
3218 6
3220 6
3220 25
3220 323
3221 156
3221 545
3222 1104
3222 1159
3223 6
3224 6
3224 449
3225 6
3226 23
3227 1359
3228 156
3228 25
3228 829
3229 6
3229 25
3230 117
3230 591
3230 308
3230 1314
3232 286
3232 25
3232 1159
3233 23
3233 1360
3234 6
3234 25
3235 152
3236 6
3236 311
3237 6
3237 1147
3238 1361
3239 22
3239 164
3239 21
3239 701
3239 328
3239 323
3239 165
3240 25
3241 431
3241 6
3241 992
3241 578
3241 0
3241 935
3241 1362
3241 917
3241 1363
3242 6
3243 1364
3244 93
3245 6
3245 117
3245 735
3247 103
3247 6
3248 6
3248 598
3248 1085
3249 23
3249 25
3249 829
3249 1365
3250 1366
3251 30
3251 16
3252 6
3252 63
3252 165
3254 25
3255 973
3256 6
3256 74
3256 325
3256 151
3257 6
3258 6
3259 6
3259 1286
3259 591
3259 308
3260 117
3260 252
3261 117
3261 25
3262 6
3263 6
3263 1367
3264 1368
3264 490
3264 694
3266 6
3266 701
3267 25
3268 973
3269 1269
3270 252
3271 249
3271 602
3271 323
3271 123
3272 297
3273 934
3274 1345
3275 1369
3276 6
3276 36
3277 21
3277 545
3278 6
3278 25
3278 1138
3279 23
3279 327
3279 127
3279 6
3279 21
3279 25
3279 244
3279 39
3279 1370
3279 829
3279 151
3280 156
3280 481
3281 21
3281 156
3281 789
3281 395
3281 64
3282 25
3282 506
3282 507
3282 372
3283 36
3284 1371
3285 6
3286 748
3286 1287
3286 968
3287 22
3287 127
3287 74
3287 39
3287 1288
3287 63
3288 23
3288 1372
3289 291
3289 22
3289 286
3289 984
3289 364
3289 664
3289 761
3290 25
3291 6
3292 1373
3293 286
3293 6
3293 169
3294 6
3295 16
3296 22
3296 286
3297 127
3297 164
3297 21
3297 352
3297 165
3298 6
3299 23
3299 6
3299 117
3299 249
3299 74
3299 25
3299 1274
3299 248
3300 22
3301 21
3301 545
3301 165
3302 6
3303 156
3303 45
3304 23
3304 25
3305 1374
3305 585
3305 1375
3305 1376
3306 694
3307 30
3307 25
3307 36
3308 25
3309 49
3309 153
3310 6
3310 1377
3311 487
3312 25
3313 648
3313 1286
3313 25
3313 602
3314 598
3314 1085
3315 1085
3316 1085
3317 1085
3318 6
3318 144
3319 25
3319 1378
3320 338
3320 1379
3320 294
3321 6
3321 151
3322 748
3323 6
3325 872
3325 244
3326 25
3327 1380
3328 23
3328 6
3328 25
3330 1381
3332 6
3332 60
3333 598
3333 1085
3334 1085
3335 6
3335 25
3335 39
3338 22
3339 1100
3340 23
3340 6
3340 21
3340 1281
3341 23
3341 25
3341 308
3343 449
3344 1346
3345 21
3345 156
3345 60
3346 23
3346 748
3346 21
3346 25
3346 328
3346 63
3347 103
3347 789
3348 123
3349 6
3350 360
3350 153
3350 600
3350 1382
3351 249
3351 25
3352 21
3352 25
3352 585
3354 602
3354 152
3355 598
3356 25
3356 1384
3357 6
3358 421
3359 25
3360 6
3361 236
3361 127
3361 74
3361 25
3361 328
3361 1385
3361 223
3362 22
3362 490
3362 491
3362 1386
3362 215
3362 509
3363 1387
3365 6
3365 591
3366 1387
3368 6
3368 117
3369 1388
3370 25
3371 22
3371 6
3371 164
3371 21
3371 156
3371 701
3371 248
3372 6
3373 6
3373 73
3374 286
3375 25
3375 246
3376 25
3377 324
3378 248
3379 6
3380 80
3380 872
3380 1389
3380 30
3380 1391
3381 1392
3382 6
3383 6
3385 585
3386 151
3387 437
3387 16
3388 352
3389 323
3389 1393
3390 21
3391 6
3392 286
3392 490
3393 748
3395 187
3395 188
3395 30
3395 25
3395 707
3396 22
3397 23
3397 748
3397 127
3397 21
3397 30
3397 328
3398 6
3399 1361
3400 1395
3401 22
3401 156
3402 80
3402 1329
3403 246
3404 25
3406 324
3407 6
3408 286
3409 123
3410 6
3411 1396
3412 1397
3413 236
3413 6
3413 297
3413 449
3413 188
3413 653
3413 74
3413 25
3413 1164
3413 591
3413 325
3413 248
3413 94
3413 723
3414 6
3415 271
3415 490
3416 600
3418 6
3419 545
3420 25
3420 39
3421 23
3423 308
3424 286
3425 22
3425 286
3425 63
3426 6
3427 1345
3427 1398
3429 6
3429 165
3430 25
3430 60
3431 1216
3432 6
3433 23
3433 123
3434 1311
3435 23
3436 6
3437 74
3437 246
3437 602
3438 25
3439 22
3440 23
3441 6
3441 25
3442 164
3442 21
3442 25
3442 585
3444 22
3445 1395
3446 22
3446 6
3446 21
3446 156
3447 21
3448 25
3449 127
3450 578
3450 1399
3450 94
3451 25
3452 23
3452 6
3452 21
3453 6
3454 883
3454 39
3454 602
3454 308
3455 338
3455 1351
3456 286
3458 421
3459 772
3460 6
3460 21
3461 6
3461 21
3461 156
3461 83
3463 6
3463 1278
3464 1375
3465 23
3466 271
3466 694
3467 6
3468 25
3469 6
3469 297
3470 22
3471 6
3471 21
3471 74
3472 481
3472 154
3473 6
3474 63
3475 1369
3477 6
3477 25
3478 153
3479 6
3480 286
3480 271
3481 1401
3483 23
3483 748
3483 25
3483 154
3483 123
3484 25
3485 25
3485 1173
3486 1402
3486 1403
3487 1345
3488 236
3489 25
3489 1308
3490 22
3490 872
3492 156
3492 84
3493 408
3494 21
3494 156
3494 567
3494 123
3495 6
3495 449
3495 811
3497 884
3498 6
3498 408
3499 22
3499 25
3500 323
3500 308
3502 323
3503 156
3503 83
3503 1405
3504 6
3504 25
3505 23
3505 6
3505 21
3505 1353
3505 25
3506 23
3506 1286
3506 25
3508 6
3509 25
3510 6
3510 325
3512 6
3513 23
3515 1363
3516 21
3516 155
3516 481
3516 1077
3516 123
3517 117
3517 1407
3517 1287
3518 25
3519 308
3519 1408
3520 189
3522 6
3523 6
3523 21
3524 49
3524 25
3525 23
3525 1360
3526 598
3527 31
3527 811
3527 816
3528 6
3529 323
3531 23
3531 25
3532 23
3532 324
3533 22
3533 490
3533 1157
3534 6
3534 25
3536 23
3536 22
3536 21
3536 1410
3536 30
3536 534
3537 23
3537 6
3537 598
3538 25
3539 189
3540 6
3542 23
3542 25
3542 346
3543 25
3543 1411
3544 325
3545 6
3546 6
3546 246
3547 431
3547 6
3547 21
3547 117
3547 229
3547 123
3549 6
3549 706
3550 291
3550 984
3550 664
3550 30
3550 25
3550 665
3551 156
3552 23
3552 21
3552 1413
3553 23
3553 748
3553 21
3553 156
3553 30
3553 25
3553 328
3554 872
3555 1414
3556 25
3557 323
3558 934
3559 271
3560 364
3561 23
3561 30
3561 25
3562 6
3563 23
3563 25
3564 23
3565 294
3566 6
3567 1415
3568 884
3569 6
3570 25
3570 602
3570 308
3572 6
3572 324
3572 21
3572 156
3572 481
3572 123
3572 308
3572 248
3573 1416
3574 325
3575 25
3576 25
3577 25
3577 123
3578 6
3579 189
3579 421
3581 169
3582 6
3582 249
3583 25
3583 602
3583 308
3584 127
3585 63
3586 253
3586 254
3586 153
3587 297
3587 388
3588 598
3589 6
3589 324
3589 117
3589 229
3589 1147
3590 23
3590 6
3591 21
3591 156
3591 82
3592 189
3593 21
3594 648
3594 992
3594 0
3594 73
3595 325
3596 6
3598 939
3599 872
3599 25
3599 829
3599 1411
3600 23
3600 6
3602 323
3603 1351
3604 23
3604 30
3604 1266
3604 1391
3604 898
3605 21
3607 308
3608 169
3608 39
3609 23
3609 578
3611 10
3612 127
3612 1286
3612 249
3612 25
3612 246
3613 25
3614 236
3614 6
3614 164
3614 991
3614 1417
3614 1277
3614 591
3616 6
3616 1418
3617 6
3617 49
3618 23
3618 25
3619 6
3619 21
3620 6
3620 25
3621 323
3622 25
3622 308
3623 25
3623 1213
3624 25
3624 323
3624 1420
3624 605
3625 25
3626 21
3627 308
3627 16
3628 286
3632 156
3633 6
3634 21
3635 1421
3635 60
3635 1425
3635 1406
3635 1426
3635 1428
3635 1429
3635 1430
3635 59
3637 338
3637 236
3637 6
3637 21
3637 74
3638 913
3638 6
3638 1384
3639 83
3640 23
3640 748
3641 25
3641 83
3642 748
3642 25
3642 328
3642 323
3643 6
3643 958
3643 0
3645 294
3646 6
3646 21
3646 246
3647 25
3648 1301
3649 324
3650 76
3651 6
3651 25
3652 1409
3653 156
3654 23
3654 156
3655 6
3656 6
3657 22
3657 286
3657 249
3657 169
3657 240
3657 73
3657 694
3657 1033
3658 6
3658 21
3659 1432
3660 6
3661 73
3662 1432
3663 25
3664 22
3664 169
3664 744
3665 872
3667 872
3669 23
3669 156
3669 323
3670 1433
3670 39
3671 364
3672 21
3673 21
3674 22
3675 23
3675 913
3675 431
3675 6
3675 21
3675 648
3675 117
3675 74
3675 1435
3675 244
3675 229
3675 0
3675 460
3675 39
3675 591
3675 123
3676 23
3677 324
3677 164
3678 6
3678 117
3679 6
3680 1308
3681 22
3682 21
3683 6
3684 6
3685 6
3686 1334
3687 1384
3688 1436
3689 6
3689 25
3690 21
3690 246
3692 323
3692 1420
3692 1437
3693 6
3694 6
3696 23
3697 21
3697 883
3699 735
3700 23
3700 25
3700 1135
3700 323
3700 1165
3701 156
3702 286
3702 872
3704 21
3705 23
3705 1055
3706 25
3707 6
3707 706
3708 127
3709 1345
3711 23
3712 23
3712 244
3713 23
3713 701
3713 123
3714 6
3714 229
3715 324
3715 156
3716 23
3716 6
3716 31
3716 30
3716 25
3716 703
3716 1147
3717 30
3718 30
3718 25
3719 294
3721 6
3721 25
3722 169
3723 169
3725 6
3726 6
3727 23
3727 249
3727 30
3727 1077
3729 23
3730 6
3730 297
3730 324
3732 431
3732 6
3733 6
3733 297
3733 1293
3734 22
3734 21
3734 45
3734 323
3735 6
3736 23
3736 1416
3737 25
3737 1440
3738 156
3739 23
3739 21
3739 481
3740 21
3741 6
3742 23
3742 127
3742 1103
3742 1135
3742 253
3742 1165
3742 1383
3744 6
3744 325
3745 1441
3746 545
3747 21
3747 1077
3748 364
3750 6
3750 1361
3751 297
3751 39
3752 1135
3753 1442
3754 6
3754 21
3755 1443
3756 68
3757 1444
3758 6
3759 23
3760 6
3762 253
3764 1445
3766 23
3766 1416
3766 1439
3767 1446
3767 229
3767 1315
3769 21
3772 23
3772 22
3772 21
3772 249
3772 789
3772 1416
3772 1355
3772 1448
3772 1173
3773 6
3775 21
3776 25
3776 1449
3777 156
3777 1449
3778 364
3779 1450
3780 6
3780 324
3780 229
3781 297
3782 6
3783 6
3784 23
3785 21
3785 156
3786 6
3787 6
3788 6
3789 22
3789 74
3789 325
3790 25
3791 308
3792 1444
3793 23
3793 6
3794 493
3795 6
3795 21
3796 23
3797 169
3798 23
3799 6
3799 702
3800 30
3800 1391
3800 1451
3801 1445
3802 68
3803 738
3803 648
3805 6
3805 591
3806 6
3806 325
3807 286
3808 6
3808 49
3808 280
3808 487
3809 45
3809 1346
3810 6
3811 21
3812 1346
3813 25
3813 308
3814 915
3814 1025
3814 1452
3814 1453
3816 30
3817 324
3819 6
3820 6
3821 286
3821 39
3823 388
3824 156
3824 30
3824 1075
3824 1211
3825 286
3825 694
3826 6
3828 6
3829 1451
3830 6
3832 1135
3833 6
3834 702
3835 1454
3836 23
3836 117
3836 123
3837 6
3838 1455
3839 6
3839 1307
3839 30
3839 1354
3839 1266
3839 1077
3841 80
3841 286
3841 169
3841 761
3841 775
3842 324
3843 286
3844 22
3844 21
3845 23
3845 896
3845 1457
3845 307
3845 1458
3845 1459
3845 244
3845 898
3845 899
3846 6
3846 229
3847 23
3847 25
3847 1276
3848 545
3849 22
3849 127
3849 21
3849 82
3849 30
3849 1460
3849 954
3849 152
3851 80
3852 6
3852 39
3852 308
3853 21
3853 991
3853 421
3854 6
3855 21
3856 872
3856 1461
3857 6
3858 286
3859 738
3859 648
3861 1462
3862 1456
3863 578
3866 6
3866 30
3867 6
3869 23
3869 22
3869 748
3869 1188
3869 156
3869 30
3869 25
3869 244
3869 328
3869 0
3869 1135
3870 6
3870 597
3871 25
3872 6
3873 748
3874 23
3874 748
3874 286
3874 25
3874 1463
3874 36
3874 1077
3876 664
3877 21
3878 545
3879 25
3880 22
3882 707
3883 117
3884 21
3884 325
3885 21
3886 169
3887 6
3888 6
3889 126
3891 1420
3894 155
3894 39
3894 248
3894 1466
3895 328
3896 249
3897 6
3898 21
3898 156
3898 1416
3898 244
3899 22
3899 271
3899 388
3899 919
3899 1467
3901 1454
3902 23
3902 327
3902 22
3902 748
3902 164
3902 21
3902 991
3902 30
3902 916
3902 1468
3902 1469
3902 460
3902 1135
3902 1470
3902 1212
3902 123
3903 286
3904 880
3905 21
3905 363
3905 244
3905 816
3905 1471
3905 1398
3905 1472
3905 1473
3905 1474
3905 718
3905 51
3905 1475
3906 1476
3907 39
3908 1286
3908 702
3909 6
3909 117
3909 735
3909 229
3910 6
3910 169
3911 1477
3913 6
3914 286
3915 6
3916 1478
3917 6
3917 25
3918 6
3918 117
3918 702
3918 1293
3919 748
3919 127
3919 6
3919 1433
3919 328
3920 297
3921 748
3922 21
3924 22
3924 286
3926 6
3927 346
3929 286
3930 6
3930 223
3932 23
3932 748
3934 21
3935 6
3936 872
3937 25
3938 872
3939 6
3940 23
3941 161
3943 21
3943 1479
3943 706
3944 1468
3944 1480
3944 1370
3946 22
3947 23
3949 6
3949 30
3950 21
3950 30
3950 45
3950 707
3950 1211
3951 872
3952 23
3952 896
3952 30
3954 6
3955 6
3955 117
3955 591
3956 22
3957 872
3958 6
3960 872
3961 80
3961 291
3961 984
3961 665
3962 872
3963 6
3963 21
3965 21
3965 702
3965 421
3967 6
3967 25
3968 6
3969 591
3970 6
3971 164
3971 21
3971 25
3972 30
3973 21
3973 156
3974 6
3975 6
3976 23
3978 21
3979 1482
3981 1211
3982 6
3982 155
3984 23
3985 1484
3986 6
3986 21
3986 229
3987 872
3988 127
3988 164
3989 161
3991 6
3992 6
3993 144
3994 23
3994 6
3994 297
3994 21
3994 1485
3994 1293
3995 25
3995 1463
3995 1135
3996 277
3996 1487
3996 1337
3996 1307
3996 1488
3996 30
3996 702
3996 1489
3996 328
3996 704
3996 1468
3996 1491
3996 460
3996 1492
3996 1341
3996 1493
3996 1494
3996 1390
3996 1470
3996 1211
3996 1495
3997 22
3997 286
3998 6
3999 82
3999 545
4001 6
4002 286
4002 31
4003 6
4003 297
4004 23
4004 431
4004 127
4004 164
4004 21
4004 156
4004 701
4004 65
4004 45
4005 21
4005 545
4006 1496
4007 23
4009 21
4009 1494
4010 6
4010 297
4010 324
4010 1497
4011 286
4012 6
4012 0
4013 23
4013 6
4013 30
4014 855
4014 1498
4015 324
4017 1499
4018 286
4018 271
4019 39
4019 1376
4020 1126
4021 1500
4022 6
4022 664
4024 127
4024 6
4024 325
4025 6
4026 481
4027 6
4027 117
4027 229
4028 23
4028 748
4028 271
4028 25
4028 328
4028 792
4029 21
4029 45
4029 1355
4029 323
4030 164
4030 21
4031 21
4032 1375
4033 22
4034 25
4034 1315
4035 21
4036 297
4036 229
4037 23
4037 21
4037 1501
4037 855
4037 481
4038 21
4039 166
4040 327
4040 6
4040 1164
4041 25
4041 1471
4041 1486
4043 6
4044 25
4045 25
4046 567
4046 1502
4047 291
4047 984
4048 23
4048 327
4048 127
4048 164
4048 1157
4049 246
4050 25
4050 1463
4051 1211
4052 30
4052 789
4052 25
4052 311
4054 324
4054 648
4054 992
4054 1247
4054 996
4055 6
4055 74
4056 297
4056 49
4056 598
4057 6
4058 6
4059 327
4059 748
4059 156
4059 25
4060 22
4061 6
4062 22
4063 21
4063 701
4063 169
4064 6
4065 6
4066 1500
4067 6
4068 702
4069 1334
4069 1503
4070 6
4071 6
4071 1504
4071 229
4071 325
4072 872
4072 1505
4073 1506
4074 1506
4075 39
4076 6
4077 872
4078 74
4078 1476
4079 23
4079 748
4081 23
4082 6
4083 6
4086 22
4087 6
4087 0
4087 1277
4088 6
4088 30
4091 1391
4092 6
4093 23
4093 324
4093 21
4094 6
4095 598
4096 6
4097 6
4098 493
4099 23
4099 6
4099 1507
4100 748
4100 25
4100 328
4101 30
4102 23
4103 6
4103 21
4103 74
4104 25
4105 872
4105 1505
4106 163
4106 1509
4107 22
4108 277
4108 6
4109 6
4109 249
4109 30
4110 6
4111 748
4112 6
4112 1510
4113 25
4113 126
4114 22
4114 1442
4115 25
4116 79
4117 6
4117 648
4117 30
4118 23
4118 30
4118 25
4119 23
4119 748
4119 286
4119 21
4119 156
4119 25
4119 1463
4119 36
4120 748
4120 21
4120 25
4120 36
4121 6
4121 449
4122 156
4123 6
4124 23
4125 23
4126 286
4126 164
4126 1286
4126 701
4126 1270
4127 6
4128 431
4129 22
4129 789
4130 23
4131 6
4132 23
4132 6
4134 6
4135 21
4136 1512
4137 6
4139 25
4140 1513
4141 21
4142 855
4142 154
4145 22
4146 169
4147 1259
4147 323
4148 23
4148 872
4150 701
4151 23
4151 6
4151 30
4151 25
4152 6
4153 913
4153 22
4153 431
4153 164
4153 82
4153 25
4153 707
4153 1211
4153 123
4153 83
4154 39
4155 1132
4156 22
4156 490
4157 872
4157 30
4157 1341
4157 1354
4157 1077
4158 6
4159 6
4159 648
4160 1513
4161 6
4162 23
4162 25
4164 915
4166 156
4167 6
4168 6
4168 648
4169 6
4170 23
4170 6
4172 6
4173 6
4174 164
4174 21
4174 702
4174 1469
4176 6
4177 6
4178 6
4178 117
4179 22
4179 748
4179 1514
4179 328
4181 6
4182 286
4183 6
4184 6
4184 74
4185 1135
4187 21
4189 21
4189 702
4190 431
4190 286
4190 21
4190 1516
4190 789
4190 1416
4192 6
4193 6
4194 6
4195 127
4195 74
4195 1517
4195 490
4195 1433
4195 246
4195 1277
4195 1077
4197 6
4198 1141
4199 6
4199 297
4200 6
4201 6
4202 23
4202 748
4202 30
4202 25
4202 36
4203 6
4204 748
4204 25
4205 156
4205 1447
4206 872
4207 271
4210 286
4211 1519
4211 364
4211 915
4211 31
4211 1520
4211 816
4211 858
4211 684
4212 6
4212 25
4212 1315
4213 6
4214 1513
4215 6
4216 872
4217 915
4218 6
4219 591
4220 6
4221 1225
4222 634
4223 1315
4224 872
4224 702
4225 23
4226 6
4227 30
4228 297
4229 6
4230 21
4231 6
4232 6
4232 21
4232 648
4232 578
4232 229
4232 421
4232 123
4233 6
4233 0
4234 6
4236 748
4236 164
4236 991
4237 31
4238 1135
4239 297
4240 6
4241 6
4242 6
4243 324
4243 21
4244 22
4244 1433
4245 186
4246 323
4247 22
4247 1032
4248 324
4248 1480
4249 286
4249 872
4250 23
4250 286
4250 25
4250 155
4250 154
4250 1287
4250 123
4250 1273
4250 153
4250 248
4250 165
4250 1159
4251 25
4252 6
4252 39
4253 23
4254 872
4255 1521
4256 286
4256 188
4256 1522
4256 811
4256 816
4257 545
4258 286
4258 6
4259 23
4259 30
4259 25
4259 1440
4260 1500
4261 25
4262 6
4262 648
4263 127
4263 21
4264 286
4265 431
4265 1147
4266 6
4268 648
4269 1523
4269 1524
4270 6
4271 694
4272 21
4273 6
4274 6
4275 6
4276 39
4277 127
4277 164
4277 352
4280 25
4280 1463
4280 1486
4281 283
4281 21
4281 1348
4281 789
4282 21
4283 127
4283 164
4284 6
4284 117
4285 21
4285 1349
4285 648
4286 6
4286 21
4287 1525
4290 702
4291 6
4292 1505
4293 23
4293 327
4293 21
4293 156
4293 246
4294 1277
4295 6
4296 872
4296 1505
4297 39
4298 21
4299 25
4300 6
4300 25
4301 127
4301 21
4302 103
4302 6
4303 23
4304 789
4305 872
4306 1367
4307 297
4308 327
4308 21
4309 6
4310 872
4312 6
4312 0
4313 21
4313 1416
4314 872
4315 648
4316 6
4316 117
4317 21
4318 6
4319 872
4320 23
4321 6
4322 21
4322 244
4323 872
4324 6
4325 1527
4326 1527
4327 648
4327 664
4327 388
4327 585
4328 1527
4329 21
4330 748
4330 872
4331 249
4332 1446
4332 25
4332 1486
4333 1528
4333 872
4334 21
4334 156
4334 545
4335 6
4336 297
4337 702
4338 297
4338 1446
4339 23
4339 21
4341 1529
4341 1442
4342 1530
4343 286
4343 127
4343 21
4343 490
4344 23
4344 164
4344 21
4345 6
4348 1496
4349 872
4350 6
4351 286
4352 6
4352 117
4353 39
4354 6
4355 1531
4355 364
4356 872
4357 169
4358 23
4359 6
4360 1533
4360 25
4361 1533
4363 1534
4364 6
4365 297
4367 6
4368 23
4369 23
4369 338
4369 21
4369 1457
4369 363
4369 1326
4369 1535
4369 30
4369 1527
4369 1458
4369 244
4369 897
4369 1471
4369 1536
4369 1266
4369 1390
4369 1355
4369 898
4369 899
4369 1470
4369 1276
4370 23
4371 421
4372 872
4372 1527
4373 6
4373 117
4373 789
4373 1144
4374 21
4375 21
4376 21
4377 21
4377 156
4377 1416
4377 244
4378 6
4379 872
4380 1512
4381 6
4382 271
4383 6
4383 1293
4385 23
4385 21
4385 545
4386 117
4386 249
4386 735
4386 789
4386 1051
4387 6
4388 297
4390 297
4391 297
4393 1241
4393 1150
4393 249
4393 789
4393 1224
4394 297
4395 1499
4395 297
4396 25
4396 1103
4396 1413
4397 1527
4398 328
4398 1538
4399 297
4399 1539
4399 1400
4400 1540
4401 22
4401 6
4402 127
4402 421
4402 308
4403 872
4403 1525
4404 21
4405 127
4405 21
4405 701
4405 792
4405 923
4406 23
4407 872
4408 6
4409 6
4410 22
4410 6
4411 6
4411 531
4412 6
4414 6
4414 1379
4415 297
4416 453
4417 297
4418 6
4419 25
4420 23
4420 327
4420 431
4420 6
4420 297
4420 324
4420 21
4420 992
4420 438
4420 531
4420 117
4420 1147
4421 22
4422 22
4422 286
4422 164
4423 453
4424 872
4425 1353
4426 431
4426 531
4427 6
4428 1103
4429 297
4429 1479
4430 25
4430 1538
4431 6
4432 297
4433 1534
4434 22
4434 286
4434 1032
4435 1527
4436 156
4437 437
4438 23
4438 872
4440 6
4441 1033
4442 156
4443 913
4443 748
4443 21
4443 156
4443 388
4443 25
4443 328
4443 36
4443 1484
4443 437
4443 1135
4444 1542
4445 6
4446 6
4446 1481
4447 21
4447 156
4448 338
4448 6
4448 1353
4448 30
4448 25
4448 39
4450 22
4450 1368
4450 271
4450 240
4450 694
4451 22
4451 286
4451 271
4452 1534
4453 297
4454 23
4454 25
4455 6
4457 6
4458 23
4460 21
4461 23
4461 1527
4463 76
4463 789
4464 597
4465 22
4466 388
4466 450
4467 453
4469 1497
4470 297
4472 249
4473 74
4474 324
4474 117
4475 872
4476 39
4476 1135
4477 481
4478 22
4479 1416
4480 6
4481 6
4481 21
4482 6
4483 1325
4483 1544
4483 1400
4484 271
4484 789
4486 25
4487 6
4489 177
4489 872
4489 39
4490 6
4491 297
4492 6
4493 30
4494 177
4494 327
4494 748
4494 127
4494 25
4494 263
4495 23
4495 177
4495 21
4495 597
4496 186
4497 297
4498 297
4499 6
4500 6
4501 6
4501 117
4502 286
4502 1545
4503 169
4504 23
4504 913
4504 164
4504 169
4505 1138
4506 22
4507 30
4507 1527
4508 6
4509 297
4510 297
4511 6
4512 297
4513 286
4513 30
4514 30
4514 1546
4515 297
4515 1325
4515 1544
4515 1479
4515 1400
4516 297
4517 872
4518 45
4519 25
4520 36
4521 6
4522 6
4522 21
4522 39
4523 453
4524 324
4524 117
4525 6
4527 6
4528 23
4528 177
4528 748
4528 21
4528 352
4528 328
4529 249
4529 789
4530 6
4532 6
4532 1147
4534 21
4536 6
4536 21
4536 74
4538 23
4539 286
4539 991
4539 74
4539 169
4539 694
4540 249
4540 789
4542 177
4542 872
4543 598
4544 1141
4544 1527
4545 1343
4545 1402
4546 127
4547 789
4548 1496
4549 991
4550 453
4551 1343
4552 297
4553 297
4554 297
4555 872
4555 328
4556 6
4557 1527
4558 297
4558 117
4558 1548
4559 6
4559 297
4560 6
4561 156
4562 156
4563 127
4564 6
4566 453
4567 1545
4568 297
4569 6
4570 6
4571 6
4571 21
4572 6
4573 453
4574 1527
4575 1527
4576 156
4577 286
4577 352
4578 6
4578 249
4579 773
4580 6
4581 21
4583 30
4584 22
4584 6
4584 73
4585 6
4586 23
4586 297
4586 117
4587 6
4587 449
4588 6
4589 22
4589 21
4590 1486
4591 6
4592 21
4592 1489
4593 872
4593 1527
4594 286
4594 21
4595 1550
4596 531
4596 520
4596 1551
4597 21
4599 286
4600 6
4600 30
4601 21
4601 352
4601 789
4602 21
4603 286
4603 6
4604 1278
4605 21
4606 22
4606 286
4606 694
4608 6
4608 246
4609 6
4610 22
4610 30
4610 490
4610 491
4611 6
4612 1141
4612 1524
4613 22
4614 453
4615 6
4616 271
4616 491
4617 23
4617 22
4617 127
4617 164
4617 991
4617 240
4617 328
4619 21
4620 6
4621 6
4622 6
4623 6
4623 74
4624 6
4625 6
4626 327
4626 748
4626 127
4626 164
4627 271
4628 6
4629 915
4630 6
4631 6
4632 6
4633 6
4634 453
4635 22
4635 1552
4636 6
4637 1527
4638 328
4639 21
4640 1527
4641 23
4642 156
4643 164
4644 271
4645 297
4645 229
4648 127
4648 6
4651 6
4652 6
4656 6
4656 1289
4657 236
4657 1133
4659 23
4659 324
4659 1278
4659 531
4660 6
4663 297
4664 286
4665 364
4666 913
4666 748
4666 156
4666 36
4666 1484
4667 271
4668 328
4669 6
4669 117
4670 789
4671 22
4671 1144
4672 1545
4673 6
4673 1517
4674 453
4675 297
4676 23
4676 1337
4676 30
4676 702
4677 286
4678 6
4679 6
4680 6
4681 453
4682 297
4683 6
4684 324
4686 6
4687 915
4688 453
4689 602
4690 6
4691 21
4693 117
4694 23
4695 520
4695 1289
4696 872
4697 127
4698 244
4699 271
4700 6
4700 31
4700 74
4701 23
4701 22
4701 164
4702 286
4702 6
4704 286
4707 6
4708 6
4709 6
4709 21
4709 246
4711 21
4712 31
4712 1481
4712 597
4713 328
4714 453
4715 21
4716 23
4717 22
4717 421
4719 249
4719 789
4720 22
4721 22
4721 286
4722 6
4723 6
4724 297
4725 21
4726 6
4726 21
4727 22
4727 74
4727 789
4728 6
4729 80
4730 6
4731 21
4732 1554
4733 127
4733 6
4734 286
4735 6
4736 6
4736 249
4737 286
4737 6
4738 1555
4739 297
4739 249
4740 1542
4741 520
4741 1289
4742 271
4742 1032
4743 297
4744 23
4745 453
4745 1216
4746 23
4746 701
4746 1468
4747 701
4748 6
4750 453
4751 453
4752 21
4753 22
4753 748
4754 23
4754 22
4754 748
4754 6
4754 21
4754 25
4755 6
4756 453
4757 6
4757 1349
4757 117
4758 453
4759 6
4760 23
4760 21
4760 363
4760 30
4760 1556
4760 244
4760 792
4760 816
4760 1471
4761 23
4762 23
4762 6
4762 811
4764 1557
4765 6
4765 297
4766 6
4767 6
4767 117
4767 39
4768 30
4768 558
4769 6
4770 297
4771 6
4771 872
4772 22
4772 25
4773 249
4774 23
4774 327
4774 22
4774 748
4774 286
4774 21
4776 6
4777 22
4777 872
4778 23
4778 327
4778 22
4778 286
4778 6
4778 21
4779 6
4780 164
4781 6
4782 74
4783 6
4784 1559
4785 1542
4786 23
4787 327
4787 1216
4788 6
4788 597
4789 6
4790 324
4791 23
4791 21
4791 1337
4791 701
4792 6
4793 297
4794 23
4794 6
4795 297
4797 271
4800 493
4801 291
4801 6
4801 984
4801 664
4803 1560
4805 22
4806 364
4807 6
4808 1463
4810 6
4810 30
4810 1561
4811 6
4811 21
4811 1489
4812 453
4813 271
4815 453
4816 297
4817 21
4818 6
4819 6
4819 169
4820 1141
4820 246
4821 297
4822 1374
4823 23
4823 286
4823 21
4824 22
4824 21
4825 6
4827 23
4827 21
4827 1337
4827 701
4827 702
4827 1468
4827 1469
4828 1307
4829 453
4830 1307
4831 6
4832 6
4832 328
4833 6
4834 249
4835 6
4836 22
4836 21
4836 1522
4837 1368
4837 271
4837 240
4837 1562
4838 23
4839 1563
4840 6
4841 127
4842 30
4844 277
4844 6
4845 1133
4846 6
4846 156
4846 83
4847 324
4848 286
4848 6
4849 453
4850 6
4851 6
4851 74
4852 6
4852 1379
4853 1368
4854 1514
4854 953
4854 240
4854 328
4859 297
4860 249
4861 6
4862 127
4862 1306
4863 6
4863 169
4864 6
4864 297
4864 249
4864 789
4864 1564
4865 701
4866 453
4867 363
4867 30
4868 103
4869 6
4871 6
4872 22
4873 6
4874 23
4874 327
4875 6
4876 127
4876 229
4877 324
4878 6
4879 21
4880 6
4881 324
4882 23
4882 6
4882 30
4883 1565
4883 25
4884 164
4884 991
4887 277
4887 453
4888 117
4889 1252
4889 169
4890 453
4891 6
4892 286
4892 775
4893 324
4893 388
4894 286
4895 277
4895 164
4895 1286
4896 6
4897 1077
4897 634
4898 23
4898 127
4898 164
4898 21
4898 701
4899 23
4899 6
4901 127
4902 6
4903 6
4904 6
4905 297
4906 103
4906 6
4907 30
4909 23
4909 1567
4909 244
4910 189
4910 25
4911 6
4912 23
4912 21
4912 156
4912 82
4913 65
4914 164
4915 156
4915 30
4916 6
4917 6
4918 6
4919 23
4919 6
4919 117
4920 23
4920 6
4920 229
4923 6
4924 6
4925 297
4926 1141
4927 6
4928 6
4929 23
4929 6
4930 21
4931 1336
4932 872
4932 1141
4933 23
4933 6
4933 324
4933 169
4934 991
4935 127
4936 431
4936 324
4937 6
4938 271
4939 286
4940 23
4941 6
4943 6
4944 6
4945 6
4947 6
4948 364
4948 30
4950 324
4950 450
4951 297
4951 1325
4951 870
4952 6
4953 25
4954 6
4955 291
4955 511
4955 1446
4955 664
4956 328
4957 297
4958 189
4959 22
4959 789
4961 21
4962 21
4962 156
4963 6
4964 6
4965 6
4966 23
4966 431
4966 280
4967 6
4967 21
4969 31
4969 1255
4970 23
4970 21
4971 1270
4971 1385
4972 23
4972 6
4973 22
4975 748
4976 21
4977 450
4979 127
4979 21
4981 6
4982 22
4983 25
4984 188
4984 186
4984 185
4985 23
4985 21
4985 578
4985 493
4985 1447
4986 6
4986 249
4987 23
4987 324
4989 22
4990 6
4991 297
4992 913
4992 431
4992 1349
4993 23
4993 6
4994 23
4994 22
4994 338
4994 127
4994 21
4994 31
4995 25
4996 23
4996 6
4996 21
4996 249
4996 352
4996 246
4996 123
4997 189
4998 6
4999 21
5001 6
5002 6
5002 30
5003 872
5003 789
5005 6
5006 811
5007 23
5007 6
5008 6
5008 328
5009 6
5010 327
5010 21
5011 328
5012 23
5013 286
5013 6
5014 6
5014 21
5014 648
5015 324
5016 23
5017 22
5017 6
5017 21
5017 992
5020 6
5020 1446
5021 297
5022 6
5023 748
5023 164
5025 21
5026 6
5027 189
5030 6
5032 22
5032 6
5033 6
5035 6
5036 21
5036 1468
5037 748
5038 1497
5039 6
5039 169
5039 388
5040 6
5040 21
5041 1379
5042 6
5043 23
5044 6
5045 6
5046 324
5046 31
5047 1527
5048 236
5048 127
5048 1307
5049 1255
5050 6
5050 21
5051 1497
5052 22
5053 327
5053 127
5054 6
5055 872
5056 453
5057 6
5059 6
5060 6
5060 1568
5061 23
5061 6
5061 21
5062 23
5062 1568
5063 6
5063 1568
5064 6
5064 1568
5065 6
5067 364
5068 23
5068 431
5068 6
5068 297
5068 992
5068 229
5068 0
5069 6
5070 6
5071 127
5072 36
5073 453
5074 6
5074 992
5074 31
5074 30
5074 169
5074 761
5075 164
5076 6
5077 6
5077 1499
5077 297
5077 187
5078 23
5078 21
5079 6
5080 23
5080 6
5081 25
5083 21
5087 6
5088 6
5089 23
5091 1569
5092 6
5093 6
5094 6
5095 6
5096 30
5096 388
5097 23
5099 6
5100 286
5101 22
5102 22
5102 283
5102 1570
5103 1571
5104 23
5104 236
5104 6
5104 438
5104 1457
5104 249
5104 1567
5104 352
5104 1433
5104 953
5104 244
5105 1497
5106 297
5108 792
5109 23
5109 6
5109 1565
5110 1164
5111 286
5111 1572
5112 6
5113 177
5113 327
5113 1549
5113 164
5113 283
5113 1570
5113 1573
5113 701
5113 653
5113 74
5113 490
5113 1141
5113 1574
5113 1575
5113 240
5114 6
5115 1576
5116 189
5120 6
5121 6
5123 277
5123 6
5124 22
5125 21
5125 1488
5125 1489
5125 1469
5126 6
5127 23
5127 6
5127 297
5127 324
5128 6
5129 297
5130 6
5131 6
5132 23
5132 21
5133 22
5133 286
5133 1368
5134 6
5135 23
5135 6
5137 6
5138 327
5138 21
5140 103
5141 597
5142 6
5143 6
5144 328
5145 1497
5146 703
5148 324
5148 1446
5148 117
5150 453
5151 6
5152 992
5153 6
5153 1331
5153 280
5154 103
5154 6
5155 6
5156 453
5157 1574
5158 156
5158 701
5159 748
5160 283
5160 1481
5160 597
5161 23
5161 327
5161 748
5162 271
5163 453
5164 6
5164 1463
5166 21
5167 1133
5168 22
5168 286
5168 21
5168 240
5169 1141
5171 1565
5172 6
5173 22
5174 6
5175 177
5175 327
5175 127
5175 1549
5175 164
5175 283
5175 1570
5175 1573
5175 1358
5175 653
5175 74
5175 490
5175 1574
5176 6
5177 328
5178 6
5179 6
5181 6
5181 0
5185 25
5185 1440
5186 1349
5186 1561
5188 23
5189 22
5190 6
5191 6
5192 6
5193 6
5194 286
5194 872
5194 789
5195 327
5195 21
5195 701
5196 127
5196 6
5196 1278
5197 6
5200 6
5200 1579
5200 30
5201 25
5202 23
5202 177
5202 277
5202 748
5202 286
5202 127
5202 6
5202 164
5202 21
5202 189
5202 187
5202 249
5202 74
5205 6
5206 1497
5207 6
5208 6
5210 30
5211 23
5211 244
5213 297
5213 25
5214 23
5214 913
5214 1329
5215 21
5217 328
5218 21
5218 1481
5219 6
5220 6
5220 249
5220 169
5221 23
5221 21
5221 74
5221 229
5222 30
5223 327
5224 297
5225 21
5226 169
5228 1542
5229 328
5230 450
5232 297
5233 23
5234 1027
5234 1164
5236 21
5236 702
5237 1497
5240 6
5241 6
5242 23
5242 25
5243 1554
5244 6
5244 0
5246 6
5246 1434
5247 297
5248 6
5249 6
5251 6
5252 453
5254 748
5254 328
5256 6
5257 453
5257 991
5258 6
5259 6
5260 578
5261 23
5261 21
5261 1337
5261 789
5262 1545
5262 872
5263 1565
5264 991
5265 453
5265 240
5266 277
5266 1433
5268 22
5268 6
5269 23
5272 6
5273 1565
5273 585
5274 6
5275 6
5276 6
5276 21
5276 1379
5276 1133
5276 169
5277 6
5278 164
5279 453
5280 286
5280 31
5281 6
5281 449
5282 6
5282 648
5284 6
5285 1554
5287 23
5288 127
5288 6
5289 6
5290 22
5290 286
5291 164
5291 991
5292 6
5294 6
5295 913
5295 6
5297 6
5298 6
5299 6
5301 23
5302 6
5302 872
5303 6
5304 30
5305 22
5305 286
5306 31
5307 6
5308 1527
5309 6
5310 1528
5310 748
5310 1582
5310 328
5311 6
5313 453
5314 1583
5315 169
5316 22
5316 286
5316 6
5317 6
5318 6
5318 648
5319 21
5319 156
5320 23
5320 21
5321 23
5322 22
5322 6
5322 30
5323 1542
5325 1497
5326 23
5327 23
5328 6
5328 648
5329 748
5330 6
5330 297
5331 22
5333 22
5333 286
5334 6
5334 21
5335 127
5336 789
5337 177
5337 327
5338 177
5340 6
5341 6
5342 6
5343 6
5344 453
5345 6
5346 22
5347 6
5347 21
5349 6
5350 127
5351 6
5352 1433
5353 6
5354 1584
5355 324
5355 352
5356 23
5356 21
5356 1489
5357 748
5357 1514
5357 25
5358 748
5358 127
5358 164
5358 1259
5359 1556
5360 177
5360 748
5362 286
5363 453
5364 6
5365 6
5366 1309
5367 6
5367 74
5368 1309
5369 6
5370 23
5370 327
5370 21
5371 23
5371 6
5372 453
5373 1501
5375 453
5378 1497
5380 22
5380 21
5382 25
5383 453
5385 80
5385 291
5385 286
5385 984
5385 915
5385 74
5385 1452
5386 872
5387 453
5387 919
5389 22
5390 6
5390 25
5391 6
5392 1585
5392 597
5393 6
5393 21
5394 6
5395 21
5396 453
5396 578
5397 6
5398 286
5399 6
5400 23
5400 21
5402 6
5402 117
5402 1579
5402 169
5402 761
5403 919
5404 6
5405 74
5406 1433
5407 6
5407 449
5408 6
5409 6
5411 30
5412 6
5412 648
5412 1417
5413 164
5413 1348
5413 1337
5413 701
5413 953
5414 6
5415 297
5416 22
5418 21
5419 6
5421 286
5421 789
5422 6
5423 127
5423 6
5424 6
5425 6
5426 21
5427 6
5429 453
5430 872
5431 25
5432 6
5432 1561
5433 6
5433 992
5434 22
5434 490
5434 25
5434 491
5434 694
5437 23
5438 324
5440 297
5442 21
5442 1337
5442 1488
5443 327
5443 22
5443 748
5443 286
5443 1368
5443 21
5443 1337
5443 1573
5443 653
5443 1544
5443 490
5444 453
5445 22
5447 21
5447 65
5447 872
5448 23
5449 6
5450 6
5451 286
5451 364
5452 453
5453 23
5453 22
5453 21
5454 6
5455 6
5456 328
5458 21
5459 286
5459 6
5460 453
5461 453
5463 872
5464 992
5465 23
5465 30
5465 25
5466 1545
5466 872
5467 6
5468 297
5469 1584
5470 872
5471 6
5472 6
5472 297
5473 23
5474 21
5477 1520
5478 164
5480 164
5482 21
5483 22
5483 65
5485 6
5485 1561
5487 648
5488 453
5489 22
5489 21
5490 872
5491 23
5492 6
5493 735
5494 23
5494 6
5494 21
5495 23
5495 6
5496 992
5496 703
5497 286
5497 1278
5498 6
5499 23
5499 324
5500 6
5501 6
5502 6
5503 1587
5504 189
5505 6
5507 297
5508 286
5509 73
5510 453
5510 991
5511 80
5511 22
5511 286
5511 249
5511 1589
5511 1336
5513 22
5513 156
5514 1569
5515 1568
5518 6
5521 6
5522 6
5523 6
5524 6
5524 648
5525 6
5525 117
5525 550
5525 229
5526 6
5527 6
5527 511
5528 6
5529 23
5531 1447
5532 169
5533 6
5533 21
5534 6
5535 6
5536 1584
5538 6
5539 1527
5540 6
5540 1561
5541 6
5542 1545
5543 164
5543 1337
5543 1286
5543 701
5543 1457
5543 1270
5543 702
5543 1590
5543 934
5544 1447
5545 286
5545 189
5546 748
5547 6
5548 453
5548 388
5549 1591
5549 992
5550 6
5551 23
5552 6
5553 30
5554 6
5555 127
5555 453
5557 6
5559 6
5560 6
5561 6
5562 913
5562 127
5565 31
5566 21
5567 324
5569 992
5570 6
5570 31
5571 6
5572 453
5573 6
5574 1368
5574 453
5575 6
5576 6
5576 169
5579 1527
5580 6
5580 597
5580 1367
5581 21
5582 6
5582 648
5583 872
5585 6
5585 297
5586 271
5587 23
5587 6
5587 21
5587 648
5588 6
5589 164
5591 6
5592 286
5593 23
5593 6
5593 117
5594 6
5595 127
5595 164
5596 701
5596 872
5597 286
5598 6
5599 23
5599 327
5599 156
5600 6
5601 6
5602 6
5603 1522
5605 6
5606 6
5607 23
5607 22
5607 431
5607 6
5607 1133
5607 39
5607 1207
5608 6
5609 23
5610 6
5611 22
5611 286
5611 271
5612 872
5612 811
5614 127
5615 6
5616 21
5617 6
5618 21
5620 271
5621 1593
5623 6
5623 117
5625 6
5626 6
5627 23
5629 23
5630 22
5630 6
5631 1581
5633 6
5633 511
5633 1446
5634 286
5635 6
5637 23
5637 6
5637 21
5637 117
5637 74
5638 31
5639 327
5641 453
5641 648
5642 6
5643 6
5643 297
5643 648
5643 388
5644 6
5645 297
5647 872
5648 748
5648 164
5650 21
5651 6
5653 6
5654 872
5654 811
5655 748
5655 1216
5656 6
5656 992
5657 6
5658 6
5659 6
5660 22
5660 1416
5661 23
5661 324
5661 21
5662 352
5663 6
5664 21
5664 1337
5664 1489
5666 6
5667 6
5668 65
5668 872
5669 23
5669 913
5669 6
5670 1349
5670 1446
5670 117
5670 388
5671 6
5672 453
5673 453
5673 1379
5674 6
5675 748
5677 6
5677 648
5677 1133
5678 6
5679 6
5680 23
5681 6
5682 23
5682 872
5683 6
5684 6
5684 21
5685 164
5685 701
5687 164
5687 1594
5688 21
5691 23
5692 156
5692 65
5693 6
5694 6
5695 6
5696 23
5696 6
5697 23
5697 6
5697 164
5699 6
5700 324
5701 249
5701 789
5702 6
5703 6
5704 6
5705 6
5706 648
5707 6
5708 164
5708 453
5709 6
5710 6
5711 6
5712 880
5712 872
5712 934
5714 490
5715 6
5716 6
5717 6
5718 23
5719 6
5720 6
5721 6
5722 915
5723 6
5723 1572
5724 6
5725 6
5726 6
5727 453
5727 65
5728 6
5729 1594
5730 21
5733 6
5734 6
5734 648
5734 992
5735 23
5737 6
5738 324
5740 6
5742 6
5743 453
5744 6
5745 6
5746 21
5747 6
5747 21
5748 1594
5749 164
5749 1368
5749 701
5750 249
5750 789
5751 23
5751 6
5751 117
5752 80
5752 6
5752 449
5752 21
5752 74
5752 169
5752 952
5752 1595
5752 246
5752 1147
5752 491
5754 6
5755 6
5757 23
5759 6
5760 431
5760 324
5760 880
5760 1545
5760 31
5762 22
5763 23
5764 1594
5765 6
5765 21
5766 6
5768 6
5769 6
5769 169
5770 21
5771 6
5772 6
5773 453
5774 6
5775 6
5776 22
5777 6
5780 761
5781 6
5782 6
5785 6
5786 453
5788 6
5789 6
5790 6
5791 6
5792 6
5794 21
5795 327
5795 22
5795 21
5795 1337
5796 6
5797 186
5798 6
5799 6
5799 21
5801 6
5802 6
5805 6
5806 6
5808 6
5809 23
5809 748
5809 1596
5810 6
5811 23
5811 6
5812 6
5813 748
5813 1594
5814 1594
5815 283
5816 913
5816 6
5816 1278
5816 992
5817 23
5818 6
5818 449
5819 6
5820 22
5821 6
5823 6
5824 127
5824 189
5825 23
5826 6
5827 6
5827 1481
5828 6
5828 648
5829 6
5832 6
5833 127
5833 701
5834 6
5835 6
5836 297
5837 6
5838 6
5839 6
5840 6
5842 6
5843 1241
5844 6
5844 324
5845 1150
5846 453
5847 6
5848 324
5849 23
5850 6
5850 648
5851 22
5853 23
5853 6
5854 6
5855 453
5856 748
5857 23
5859 297
5860 22
5861 22
5862 23
5863 6
5864 6
5865 6
5866 6
5868 6
5869 6
5870 6
5871 6
5871 1361
5872 6
5873 6
5874 6
5875 6
5877 6
5878 1594
5879 286
5881 453
5882 880
5882 872
5883 23
5884 6
5885 748
5886 6
5887 6
5888 6
5888 297
5888 324
5889 22
5889 6
5889 648
5890 22
5890 1565
5892 23
5894 324
5895 271
5896 6
5896 648
5897 6
5898 453
5899 6
5899 1591
5900 6
5901 286
5901 31
5901 169
5902 23
5902 748
5902 297
5902 1576
5902 648
5902 991
5903 324
5904 6
5905 164
5905 453
5907 6
5907 992
5908 286
5909 6
5910 6
5911 453
5912 21
5913 6
5914 297
5915 6
5915 324
5916 6
5918 127
5918 164
5919 21
5920 1594
5921 6
5922 913
5922 453
5922 1598
5922 31
5924 6
5925 23
5925 913
5925 297
5925 164
5925 992
5925 1270
5926 6
5927 23
5928 648
5929 23
5929 748
5930 6
5931 6
5932 271
5933 6
5933 449
5933 1434
5934 6
5935 6
5936 6
5937 277
5937 31
5938 6
5939 23
5939 653
5940 127
5940 164
5941 22
5942 6
5943 1150
5944 6
5945 23
5947 23
5948 22
5949 23
5949 177
5949 277
5949 6
5949 164
5950 236
5951 896
5952 6
5953 23
5953 913
5953 324
5956 23
5958 6
5959 127
5959 6
5960 6
5962 913
5962 6
5963 6
5964 6
5965 22
5965 286
5965 6
5966 6
5967 6
5968 127
5969 6
5970 21
5971 6
5972 6
5973 23
5974 22
5975 6
5977 22
5978 6
5980 22
5981 1501
5982 1286
5983 177
5983 271
5985 453
5987 6
5987 1418
5988 6
5989 286
5989 6
5989 648
5990 6
5991 6
5992 1549
5993 6
5993 449
5994 23
5994 236
5994 648
5994 117
5995 6
5995 1482
5997 80
5998 453
5999 236
5999 6
6000 6
6001 6
6002 327
6002 127
6002 1599
6002 1594
6003 324
6003 1433
6004 748
6004 1565
6005 6
6005 1576
6006 22
6007 6
6008 23
6008 1600
6008 896
6009 6
6011 23
6011 327
6011 1320
6012 6
6013 324
6014 156
6014 65
6014 1601
6015 992
6017 6
6018 6
6019 22
6021 22
6021 286
6022 6
6023 6
6024 23
6024 6
6024 1198
6026 6
6027 6
6028 992
6030 6
6031 327
6031 127
6031 1599
6032 22
6033 127
6033 6
6034 453
6035 23
6035 1511
6037 6
6038 6
6039 453
6041 6
6042 23
6044 6
6046 6
6048 738
6048 327
6048 748
6048 127
6048 164
6048 1602
6049 23
6051 23
6052 453
6053 6
6054 22
6055 23
6055 22
6055 21
6055 156
6056 6
6057 6
6060 6
6061 6
6062 23
6063 23
6065 324
6065 164
6066 6
6067 6
6068 6
6069 286
6069 1368
6070 23
6071 648
6071 1603
6072 6
6075 6
6076 6
6076 324
6078 6
6079 6
6079 449
6080 6
6082 277
6083 453
6084 6
6086 748
6087 6
6088 6
6089 992
6090 6
6093 23
6093 6
6093 21
6094 23
6094 6
6094 872
6095 6
6096 23
6096 156
6096 1605
6097 286
6098 6
6099 6
6101 6
6102 6
6103 6
6104 6
6105 6
6106 22
6106 748
6106 6
6106 449
6106 648
6106 1434
6107 6
6108 701
6109 164
6110 6
6111 6
6112 23
6113 6
6114 453
6115 23
6116 991
6117 23
6118 6
6118 388
6120 6
6121 6
6122 6
6123 6
6123 449
6124 22
6125 127
6126 6
6128 6
6129 6
6130 6
6131 23
6131 22
6131 748
6134 6
6134 324
6134 449
6134 1434
6135 6
6135 648
6136 22
6136 164
6137 23
6137 701
6137 1567
6137 1535
6138 6
6139 127
6139 164
6139 166
6140 23
6141 23
6142 23
6142 22
6142 748
6142 286
6142 164
6142 1508
6142 1602
6144 6
6145 6
6146 6
6147 6
6149 913
6149 22
6149 748
6150 22
6151 22
6152 6
6154 453
6154 438
6155 286
6155 6
6156 23
6156 934
6158 6
6159 22
6160 453
6160 1544
6161 23
6162 22
6163 6
6164 22
6165 6
6166 127
6166 1337
6166 701
6166 1270
6166 1594
6167 286
6168 6
6170 6
6171 6
6173 6
6174 23
6174 22
6174 748
6176 23
6176 103
6176 327
6176 22
6176 748
6176 286
6176 1570
6176 21
6176 1446
6176 701
6177 6
6178 22
6179 6
6180 22
6182 6
6184 6
6185 6
6186 286
6187 23
6187 327
6187 748
6187 164
6187 1286
6188 6
6189 6
6190 166
6192 1579
6193 6
6194 23
6196 23
6197 6
6198 6
6198 648
6199 6
6201 23
6201 748
6201 1457
6202 6
6203 324
6204 6
6205 23
6206 6
6208 6
6209 6
6210 6
6211 23
6212 431
6213 6
6214 453
6216 6
6217 6
6219 297
6220 6
6221 6
6222 6
6223 6
6224 6
6225 6
6227 748
6227 6
6228 6
6230 648
6231 431
6232 6
6232 189
6233 286
6233 324
6236 23
6237 22
6238 80
6238 1606
6239 6
6239 531
6240 6
6241 1286
6242 6
6243 6
6244 6
6245 6
6246 913
6246 431
6246 164
6246 1349
6246 453
6247 6
6248 324
6249 22
6249 283
6249 271
6250 6
6251 6
6253 1482
6254 6
6255 22
6256 6
6257 1286
6258 22
6258 166
6259 6
6259 117
6260 6
6261 127
6261 164
6262 6
6263 6
6264 6
6265 6
6266 1598
6267 6
6268 22
6269 277
6269 6
6270 6
6271 6
6272 6
6274 291
6274 984
6274 664
6275 6
6276 6
6277 6
6278 6
6280 6
6281 23
6281 127
6281 6
6282 291
6282 6
6282 648
6283 6
6285 6
6285 21
6286 6
6286 297
6286 72
6286 735
6287 6
6287 324
6288 297
6289 6
6290 6
6291 6
6292 6
6293 6
6293 648
6294 6
6295 6
6296 188
6297 6
6298 22
6298 453
6300 6
6301 6
6302 6
6303 6
6304 23
6304 324
6306 6
6309 6
6310 277
6310 6
6311 117
6312 6
6313 236
6313 6
6314 23
6315 23
6315 6
6315 117
6316 23
6316 327
6316 22
6316 21
6316 82
6317 22
6317 1416
6317 1157
6317 545
6320 6
6321 6
6322 156
6323 286
6324 6
6325 6
6326 286
6327 324
6327 648
6328 6
6329 748
6330 324
6330 648
6331 531
6332 286
6334 6
6335 6
6336 6
6336 896
6337 6
6338 6
6339 6
6339 648
6340 23
6340 748
6341 748
6343 6
6344 164
6347 22
6347 286
6348 6
6349 6
6350 6
6351 6
6352 913
6352 156
6353 6
6354 23
6354 324
6355 23
6356 22
6356 748
6357 6
6358 1499
6359 6
6360 6
6360 364
6361 6
6362 6
6363 6
6364 6
6365 748
6366 6
6367 6
6369 23
6369 748
6369 6
6369 283
6369 1446
6370 6
6371 913
6371 297
6372 6
6375 6
6376 6
6377 1446
6377 992
6378 6
6380 22
6381 6
6383 324
