0  0
1  1
3  2
4  3
5  4
7  5
8  6
9  7
10  1
12  1
13  8
16  10
17  11
18  1
19  12
20  1
21  1
23  13
24  14
25  15
27  10
28  1
29  17
30  18 19
31  20
32  21
33  22
35  1
36  1
37  17
38  23
39  24
40  10
41  1
42  10
43  26
46  28
47  29
48  17 6
49  10
50  1
51  10
52  1
53  1
54  18 30 31
56  10
57  1
58  32
59  10
60  1
61  33
63  1
64  10
65  1
66  35
67  18 25 21 36
68  1
70  35
71  37
72  10
73  38
74  36
75  18
76  1
77  35
78  1
79  10
80  37
81  15 41 42 43
82  37
83  18
84  44
85  35
87  1
89  15
90  47
91  18 19
92  37
93  48
95  6 30
97  50
98  51 21
99  38
100  37
102  6
103  53
104  54
105  35
106  17
107  55
109  56
110  36
111  6
113  6
114  57
116  30
117  57
118  59
119  61 25 62
120  21 63 64 65
121  57
122  52 67
123  68
124  57
125  61
127  6
128  57
129  71 16
130  41 72
132  73 6
134  6
135  44
136  77
137  78
138  79 80
139  81 82 83 84
140  86 87
141  88
142  9
143  89
144  21
145  6 92
146  9 2
147  93
148  9
149  74
150  68
151  9
152  1 94
153  12
154  44 95
155  6
156  37
158  96
159  57 97
161  98
163  36
166  102
168  94
169  104
170  105
171  6 106 108
172  106
173  109
174  110
175  111
176  17 6
177  57
178  37
179  6
180  57
181  113 114
182  115
183  57
184  37
185  116
187  117 118
189  6
190  57
191  119
192  30 25
193  57
194  9
195  9
196  57
197  121 122 123
198  124 125
199  57
200  41
201  126
202  127
203  110 128 129 130
204  2 132
205  57 132
206  134
207  71 135
208  57
209  136 6 137
210  138
211  139 41
212  140
213  141 64 30 143
214  57
215  63 64
216  145
217  139
218  57
219  147
220  148
222  6
223  150 74 6 151
224  153 154 155
225  156
226  25
227  157
229  160 161 162
230  163
232  127 164 165 166
234  51
235  167
237  168
238  30 25 36 169
239  57 132 170 66
240  172
241  21 25
242  30
243  57 66 173
244  6 176 25
246  2
248  181 85 182 183
249  186 187 25 189
252  184 30
254  192 25 8
255  193
256  194
258  196 25
259  197 198
260  199
261  200
262  51
263  57 132 66 201 202
264  57 66 163 25 30
265  203
266  205 206 207 208 209 210
267  211 6 39
268  52
269  212
270  51
273  213
274  214
275  215 44
276  216
277  217
278  218
279  219
280  57 173 35
281  220 221 22 222
282  9 223
283  224
284  218
285  225
286  8 226 21
287  227
288  136 228
289  6 149 127 229
290  230
291  197 231 127 161 21
292  232
293  136
294  233
296  6 236
297  237
298  238
299  8 0
300  241 242 243
301  244 23 30 80
302  245
303  246 0 52 247 248 74 2 250 23 30
304  30 25
305  21
306  252 253 254 255 256
307  253
308  252 253
309  167
310  257
311  71
312  228 258
313  254
314  260
315  261
316  23 262 21
317  258
318  25 153 263
319  264
320  265
321  84
322  75 243
323  266
324  267
325  265
326  268 123 269 270
327  193
328  7
329  193
330  271
331  272
332  156 84 162
333  193
334  42
335  273
336  274 275
337  162
338  266
339  161
340  276
341  15 41 6 39 229
342  9
343  57 277 278
344  23 25 155 149
345  163 147
346  6
347  57 173 30 25
348  279
350  280 281 282
351  225
352  283 284
353  286 287 288
354  289
355  17 290
356  22 286 292 294
358  296
359  298
360  143 25 299 22 300 301 222
361  302
362  303
363  103 305 306
365  253
366  236 127 30 307 308 309
367  60
368  21 161
370  312 249 313 314 315 316 317 319
371  320
372  321
373  322
374  44
375  292
377  6 324 325 94
378  24
379  106
380  84
381  165 326
382  23 327 25 328 329
383  6
384  331
385  25 30
386  16 333
387  334
388  286 335
389  336
390  127
391  337
392  30 25 155 36 339 178 143
393  6 30 340 341 248 236 143 342
394  16 343
395  163
396  344 345
397  23 6 30 25
399  99
400  347
402  348
403  281
404  257
405  349
406  30
407  6
408  350
409  6 123
410  351
411  6 0
412  236
413  236
414  23 22 21 352
415  20
416  353
417  354
418  355
419  6 39 86 136
420  292
421  41
422  257
423  356 357
424  103 6
426  359 360 294 361
427  362 156
428  364
429  365 30 25 366 367 163 368
430  358
431  238 0
432  141 218 369 370
434  10
435  365 25 30 143 366 367
436  371
438  239 226 30
439  372 373
440  63
441  374
442  110
443  375
445  285 288
446  376
447  10
448  10
450  6 149 377
451  288
452  15 41 6 229
453  10
454  298
456  10
457  6 52
458  114
459  298
460  10
461  10
462  10
463  10
464  22 86
465  379 380 381 382 383 385
467  10
468  10
469  10
471  10
472  10
473  10
474  10
475  386
476  363 51
477  387
478  6 388 73
479  52
480  389
481  6 31
482  25 251
483  390
485  392 396 156 398 30 399 257 400 345 401 402 41 403 99
486  6
488  10
489  10
491  10
493  10
494  10
495  10
496  10
497  405
498  10
499  406 6
500  407
502  60
503  6 409
504  410
505  25 411
506  52 143
508  412
510  127 414
511  6 415
512  382 383 417
513  419
514  420
515  10
516  6 421
517  6 17
518  422
519  423
520  425
521  426
522  383 427
523  1
524  298 428
525  429
526  430
527  431
528  6
529  432 420 433 434 435
530  44
531  436
532  437
533  430
534  6 74 73
535  152
536  438
537  439
538  6 141 64
539  440
541  372
542  441
543  6 409 147
544  442 443
545  6
546  23 444
547  21
548  6
551  446 447
553  388 448 449 450 451 0
554  10
555  6
556  454
557  2
558  23
559  456 457
560  6
561  456 457
562  2
563  6 25
564  52 2
565  10
566  6
567  458
568  292 459
570  376
571  156 82 460 161 227
572  22 24
574  464 465 466 468 469 470 128 249 314 471
575  22
576  6
577  248
578  6
579  197
580  472 473
581  474
582  30 25 17
583  22 323 24
585  337
586  476 364
587  478
588  22 479
589  6
591  156 25
595  39 481 482
597  24 343
598  6
599  483 484 485
600  486 149
601  488
605  439
606  156 372
607  6
608  490 492
609  493
610  493
611  6
613  496
614  500 501
615  503 504
616  22 359 360 505
617  25 506 507
618  508
619  509 510
620  18
621  511
622  508
623  292
624  21 455
625  23 30 372 169 513 514 515 516
626  6
627  518
629  23 127 520 346 40 521
630  163 143 36
631  522
632  6
633  62
634  25 52
635  21
636  523
637  117
638  6 151
639  524
640  96
642  6 408
643  6
644  525
645  36 526
646  36
647  6
650  22 21 25
651  144
652  286 6 248 222 528 529
653  408
654  10
655  6
658  531 172 99 532 533
659  103 534 96
660  10
661  52
662  535
663  6 149
664  537
665  30 36 465
666  21 156
667  421
668  287
669  538
672  6
673  364 441 539 540
675  10
676  156
677  233 542 234
678  10
679  543 544
680  63
681  6
682  21 545 518
684  21 30 6 52
685  6
686  25
687  6 25
688  23 6 123
689  6 49 30 546 341 112 463 57 132 547 211 43
690  63
691  548
692  17
694  57 170 551 66
695  63 64
696  10
697  23 25 552 52 553 555
698  21 165 17
699  487 488
701  557
703  25 226 321 8
704  30 25 558 36
705  559 560
706  10
707  30 460
708  25 561
709  562
710  156 162 564
711  79 565 462
712  330 145
713  567
714  569 292
715  79 51 570 158
716  6
717  161
718  6
719  25 323
720  572
722  10
723  573
724  574
725  23 79 343 575
726  576 556 577
727  30 248 479 74 578 579 580
728  581
729  17
730  582 6 479 292 172
731  346 583
732  6 99 584
734  10
735  249 585 586
736  292 172
738  55
740  10
741  589
742  6
743  251
744  39
745  6 590
746  222 335
747  6 325 136 529
748  49
749  25
750  286 335
751  6 39 136
752  592
753  376
754  10
755  30 372
758  6 151
759  10
760  21 156
761  594
763  242
764  595 593 340
765  596
766  236
767  597 598 151
768  21 600
769  6
770  601
771  49
772  6 151
774  103 6
775  23 6
776  602
777  64
778  409
779  603 604 605 606
780  352 323
781  607
782  10
783  608 609 25 251
785  103
786  610
787  10
788  337
789  103
790  162 81
791  75
792  480 612
793  442 613
794  562
795  17
796  17
797  10
798  542
799  83
800  52
802  123 52
804  21 156 567 161 295
805  616 617 618
806  249 620 621
807  6 238 409 622
808  25
809  6 0 99
810  10
811  6 623
812  25
813  39 75 340 190 624 350
814  21 156 30 564
816  30 25 36
818  10
819  6 30
820  626 627
822  177 6 21 169 25 325 165 629 143 630
823  376
824  631
825  162
828  6
829  21 156
830  10
831  632
832  455
833  359 360
835  6
836  44
837  633 361 369 564
838  22
839  25 30
840  413
841  21 30 25 165
842  634
843  6 635 479
844  30
845  103
847  49 488
848  636 637
849  6 638
850  421 439 639
851  36 640 372
852  6
853  284
854  641
855  22
856  642
857  25
858  277
859  641
860  241
861  25
862  163
863  21 30
864  643
865  6
866  644 645 646
868  52 647
869  203 21
870  6 49
872  6 648 149 649
873  650
874  10
875  40
876  387
877  10
878  651
880  564 141
881  135
882  382 652 383 302
883  6 15
884  416 383 302
885  576
886  6
887  653
888  567 45 83 654 564
889  177 6 25 68 655 656
891  6
892  657
893  156
894  416 382 658 652 383 427 660 661 662 663
895  22 286 664 541 665 666 172 667 669
896  671
897  673
898  639
899  25 583 71 460 674 556 675
900  676
901  6
902  25 60
904  156 83
905  677
906  6 25
907  616 678 617 679
908  222 286
909  10
910  103
911  21 564
912  680 681
913  286 292 682 683 172 293 580
915  21 685
916  103 52 372 572
917  686
918  21 248 687 8 689 691
920  23
921  692
922  203
923  593
925  22 271 694 335
926  39 602 640 372
929  30 697 698
930  699 651
931  600 81
932  593
933  94 700
934  127 324 164 307 702 703 421 705 706 220 673 143 708
935  21
937  6
939  163 364 51 363 249 710 29 711 712 619
940  6 30 17
941  715
943  16 717
944  436
945  716
946  6 30 698
947  10
948  51 147 363 249 718 719 705 655
949  17
950  10
951  10
953  720
955  10
956  10
957  293 292 722 580
958  103
959  723
960  724 725
961  80 10
962  372 698
963  10
964  726 584
965  727
966  728
967  22 86 490
968  729 479
969  21 60
970  60
971  6 449 151 730
972  117 732
973  6 136
974  734
975  6 21 735 99 736
976  17
977  99
978  726 739 740
979  10
981  52 687
982  10
983  436
984  741
985  729
986  10
987  156 83
988  742
989  25
990  743
991  10
992  493
993  10
994  744
995  17 529
996  21 156 745
997  746
998  747
999  16
1000  748 25 36 523 143 251
1001  694 749
1002  144
1003  750
1004  226 8
1005  751
1006  752
1007  30
1009  30
1011  754
1012  10
1013  156 567 84 755
1015  6 409
1016  17
1017  619
1018  156 30 25 756 640
1019  25 16 52
1020  6
1021  6
1023  6 723
1024  23
1025  387
1026  144
1027  39
1028  6 149
1029  364 31 706
1030  79
1031  760
1032  761 91
1033  762
1034  30 17 523 161
1035  462
1036  211
1038  6
1039  10
1040  287
1044  21 764
1046  25
1047  409
1048  6
1049  363 249 30 244 765 766 767 147 769
1050  770
1051  753 751
1052  21
1053  6 52
1054  612
1055  103
1056  30 25 756
1057  685
1058  729
1059  23 421 123
1060  6
1061  25 638
1062  6
1063  772
1064  481
1065  773 52
1066  16 343
1067  774 775 74 776
1068  6
1070  6 25
1071  30 143
1072  640 372 698
1073  6
1074  156
1075  778 779
1076  754
1077  780 781 782
1079  23 123
1080  783
1081  30 25 16
1082  30 372
1083  52
1084  22 25
1085  784 785 786 787 788
1086  23 6 49 30 25 229 52 17
1087  30 789 25 260
1088  791
1090  6 311 723
1091  723
1092  10
1093  10
1094  25 792 36 793 794 486 465 796 797 798 799 800 802 197 564 803 264 805 806
1095  10
1096  10
1097  807
1098  729
1099  30 36 248 543 251
1100  6
1101  6
1102  25 481 808
1103  437
1106  687
1107  39
1108  6 246
1109  811 25
1110  812
1111  619
1112  813 36 60
1113  475 814
1115  16
1116  30 25
1117  25
1118  816 818
1119  16
1121  21 156 819 820 821
1122  103 117 534 672 822
1123  823
1124  30 729
1126  103
1127  824
1128  30 25 825 143
1129  439
1131  11
1132  21
1133  6 30
1134  21 30
1135  6 73 288
1136  225
1137  752
1138  6 623 136
1139  6 136
1140  30 36 827
1141  486 828
1142  6
1143  578 619
1144  6
1145  30 25 123 829 830 831 832 17 372 833 834 835 836
1146  156 837
1148  838
1149  158 7 840 841 842 843 844 845 846
1151  6 21 25 244 229 323 832 847 729
1152  812
1153  31 558 684 706 759 849
1155  249 789 850 851
1156  6 852
1157  6 60 16 151
1158  17
1159  6 73 151 853
1160  376
1161  23 21
1162  6 855
1163  96
1164  23 127 352
1165  6 325 409
1166  226
1167  409
1168  21 8 856
1169  25
1170  156 84
1171  857
1172  30 25
1173  364 31 558 816 858 52 147
1174  860 861
1175  812
1178  812
1179  286
1180  6 74
1181  25 687 638 488
1182  290
1183  789
1184  63
1185  21 8
1186  862 638
1187  21
1189  251
1190  271 706 863 93 222 372 864 335
1191  6 698
1192  6
1193  735 30
1194  292 293 865 172 866
1195  6 25 151 826 136 473
1196  23 21 30
1197  21
1198  82 123 867
1199  868
1200  323 165
1201  286 6 21 25 155 869 698
1202  870 599
1203  16
1204  30 25
1205  308 871
1206  6 249 597 759 136 698 873
1207  25
1208  6 25 39
1209  6 74 73
1210  874
1211  6 558 39 602 308 151 409
1212  481
1213  439
1214  6 623
1215  875
1217  21
1219  6 151 876
1220  226
1221  16 619 110
1222  877
1223  6
1224  6 372
1225  25
1226  25
1227  286 127 21 249 25 165
1228  30 372 698 878
1229  346
1230  0 879
1231  880
1232  144
1233  882 351
1234  30 883 25 793 465 884 52 796 885
1235  6 156 82 30 84
1236  23 6 30 25 17
1237  23 17 556
1238  882
1239  886
1240  723
1241  363 249 51 147
1242  6 481 887 268 52 149 876
1243  337
1244  888
1245  6 886
1246  16
1247  49
1248  123
1249  874 508 889
1250  30 25
1251  455
1252  830 165 94 672 890
1253  30
1254  21 156
1255  23
1256  22 892 893 260
1257  876
1258  249 789
1259  789 388 343 895 864
1260  21 896 460 898 899 829 900 17 901 227 902
1261  6 25 903 904
1262  16 343 110
1263  23 6 21 25 229 481 94 905
1265  94 149
1266  22 360
1267  906 68
1268  875
1269  6 907 908
1270  906
1271  909
1272  308 751
1273  699 910
1274  21 249 460 463 911 547 912
1275  465
1276  30 397 372
1278  156 82 25 558
1279  914
1280  30
1281  52 619 593
1282  915
1283  30 916 36 917 52
1284  400
1285  249 864
1286  165
1287  6 918
1288  6
1289  6 39 321
1290  6
1291  144
1292  6
1293  919
1294  177 30 25 328 455
1295  881
1296  915 30 79 759
1297  523
1299  6 920
1300  25
1301  30 300
1302  812
1303  6
1304  619 921
1305  922
1306  271
1307  256
1308  74 30 488
1309  0 923
1311  42
1313  6 308 409 149 889
1314  753 751
1315  925
1316  6
1317  80 926 927 928 930 931 652
1318  925
1320  23 25 372
1321  6
1322  244 325 151
1323  188 858 308 529
1324  16 932
1325  323 165
1326  933
1327  458
1328  934 935 165
1329  21 30 25 165
1330  308
1331  17
1332  36 874
1333  23 25
1334  82 83 729
1335  6 25
1336  6 886
1337  6
1339  619 936
1341  819
1342  30 52
1343  21 155 323 707
1345  6
1346  937
1347  751
1348  938 59
1349  164 165
1350  21
1351  52
1352  164 939 165
1353  812
1354  164 939 165
1355  801 940
1356  751
1357  941
1358  942
1359  6
1360  943
1361  598
1362  346
1363  17
1364  79 944
1365  6 136
1366  21 30 437 17 640 143 251
1367  6 945
1368  6 74 136 698
1369  144
1370  144
1371  156 946
1372  144
1373  947
1374  103
1375  294
1376  948
1377  84 949 400
1378  950
1379  21 156
1380  951
1381  437 161 837
1382  21
1384  25
1385  859 343
1386  23 556
1388  59 753
1389  156 84
1390  161
1391  952
1392  6 25
1393  21 437
1394  6
1395  400
1396  277 82 954 745 372
1397  161
1399  290
1400  956
1401  6 25
1402  123 83 600 84 957
1403  25
1404  165
1405  42
1406  42
1407  30 172
1409  17
1410  6 958 959 960
1413  753
1414  165
1415  23
1416  23 30 25
1417  751
1418  161 961
1419  6 409
1420  268
1421  917
1422  716
1423  963 964 965 966
1424  63 8
1425  127 30 967 869
1426  400
1428  968 969
1429  567
1431  25
1432  30
1433  36
1434  6 324 648 421 971
1435  79
1436  42 15
1438  6 52
1439  23 156 30 729
1440  773
1442  144
1443  21 156 84
1444  6
1445  144
1446  400
1447  400
1448  144
1449  972
1450  925
1451  52
1452  973
1453  52
1454  25 825
1456  21 161 698 227
1457  39
1459  508
1460  22 490 491 360 695 492
1461  975
1462  958 959
1464  338 6 25 974
1465  977 978
1466  6
1467  6 229 52
1468  6 409
1469  23 338 21 31 244 706
1470  757 287
1472  16
1473  30 25
1474  25
1475  752 400
1476  21 567
1477  30 25 16 619
1478  6 980
1479  25 639
1480  308
1481  6 25 640 143
1482  981
1483  982
1484  117
1485  6 144
1486  25 16 619
1487  465
1488  23 6 21 25
1490  25 52
1491  481
1492  983
1493  30
1494  284
1495  984 25 36 698 143
1496  6
1498  286 695
1499  986
1500  6 325 406
1501  21 30 377 372 982 987
1502  21 8
1503  30 25 52 17
1504  986
1505  151
1506  120
1507  23 6 21 136 630 528
1508  6 249 308 599
1509  989
1510  6 21 229 623 149 136 990 529
1511  25 290
1512  438
1513  17
1514  991 230 165 639
1515  6 0 826 136
1516  599
1517  21
1518  16 895 993 891
1519  6
1520  6
1521  6 52
1522  63 8
1523  431 156 30 25 996 997 165 826 149 999 1000 1001
1524  30
1525  1002
1527  981
1528  1003
1529  6 30
1530  291 22
1532  819
1533  6
1534  364
1535  21 161 84 310
1537  635
1538  16
1539  156 310
1540  21 421 60
1541  6
1542  6
1543  25
1544  30 25
1547  23 578 25 1005 994 149 1006
1549  1007
1550  308
1551  780 781 782
1552  21
1553  1008 1009
1554  16 619
1555  16
1556  16
1557  236 74 1010 143 1011
1558  16
1559  16
1560  23 748 21 25 523
1561  1012
1562  21 156
1563  30 36
1564  16 619
1565  363 16
1566  338 1013 1014 752 1015
1567  508
1568  23 25 17
1569  16 619
1570  286 30
1571  21 156
1572  21 63 1016 226 8
1573  21 227 460 161
1574  1017
1575  6
1577  908
1578  30 284
1579  421 688 1019
1580  454
1581  25 638
1582  695
1583  6 25
1584  6 21
1586  64 819
1587  6 916 25 598
1588  6
1589  286 1020 222 335
1590  6
1591  6
1592  30 25
1593  52 885 1022
1594  6
1595  454
1596  30 52
1599  6
1602  0 52
1603  465
1604  819 1023
1605  25
1606  283 328
1608  619 687
1609  819
1610  1025
1611  30 36 534
1612  6 117 859 151 52 473 1026
1613  991 1027 30
1614  364 31 706 759
1615  1008 1009 1028
1616  6 21 25 36 165 907 1029
1617  23
1618  16 619
1619  23 80 6 30 25 229 52 1030
1620  68 17
1621  308 16
1622  30 25 16 619
1623  454
1624  30 25 16 619
1625  6
1626  16
1627  22 30 64
1628  16
1629  6 25 602 308
1630  23 6 123
1631  6
1632  363 811 816
1633  0 52
1634  16
1635  22 286 271 1031 1032 1034 1035
1637  310
1638  619
1639  694
1640  16 619 687
1641  16
1642  621
1643  127 21 1036
1644  16 619
1645  695 974
1646  619
1647  30 25
1648  164 1037 165 834
1649  364 16
1650  0 16 553
1651  30 16 619
1652  25 1038
1653  156 82 84 372 698
1654  1039 454
1655  298 1040
1656  6
1657  188 308
1658  6
1659  0
1660  16 619
1661  1041 1042 593
1662  6 60 451
1663  16
1664  308 759
1665  21 82 161
1666  6 151
1667  907 908
1668  6 1043
1670  30 619
1671  52
1672  236 127 30 25 437
1673  6
1674  1044
1675  1045
1676  80 6 30 79 149
1677  944
1678  16
1680  23 896 897 460 829 1046 900 17 227
1681  16 619
1682  6 30
1683  23 21 156 25 792 460 437 523 465 796 1047 798 1048 1030 802
1684  421 809 149 876
1685  16
1686  585
1687  16
1688  308 16
1689  23 6 229
1690  22
1693  6 30 1051 372
1694  52
1695  22 343 698
1696  52
1697  6 25
1698  51 1052
1699  1053
1700  16
1701  30 308 372
1702  25 68 16 619
1703  248 507
1704  30 25 60 507 372
1705  970
1706  25 1055 308
1707  621 172
1708  25 57 1056
1709  1057
1711  308 751
1712  493 17
1713  310
1714  751
1715  25
1716  30 25 619
1717  439
1718  30
1720  16 110
1721  16
1723  22 156 74 30 545 45 756 1059 867 64 568 698 1060
1724  16 619
1725  1042
1726  51
1727  363 619
1728  25 16 619
1730  16 619
1731  6
1732  16
1733  16 619
1734  298 1040
1735  16
1736  944
1737  16
1738  363 16 619
1740  16
1741  16
1742  864
1743  94
1744  16
1745  16
1747  21 30 25
1748  308 16
1749  30
1751  16
1753  16
1754  16 619 687
1756  16
1757  619
1758  16
1759  619
1760  16
1761  30 25 16
1763  16 619
1764  16 619
1765  16 619
1766  619
1767  796
1768  16
1769  308 16 619
1770  6 143
1771  6 25
1772  30 25
1773  0
1774  25 16 619
1775  16 619
1776  16
1777  951
1778  16 619
1779  16
1780  6 511 599 136
1781  6 358
1782  1062
1784  1063
1785  1064
1786  16
1787  22 286
1788  6
1789  60 1065
1790  21
1791  30 25 16 619
1792  16 619
1793  811 944
1794  6 39 534
1796  308 16
1797  156
1798  16 687
1799  30 16
1800  16
1801  30 16
1802  80 291 286 984 664 761 294 292 293 865 172 1067 1068 667 1070 1071
1803  25
1804  156
1806  22
1807  0 16
1808  25 1072
1809  21 30
1810  6 21 25 52
1811  437
1812  428
1813  837
1815  103 1073 534 1074 572 672 822
1816  6 599
1817  16 619
1818  913 431 6 486 397 372
1819  16 619
1820  364 1075
1821  79 462 16 395 1076 110 651
1822  30 16
1823  16 619
1825  16
1826  30 372
1827  16
1828  16
1829  6 308 16
1830  16 619
1831  308 16
1832  23 25 36 1078 17 372
1834  16
1835  6
1836  363
1837  619
1838  155 481 39
1839  16
1840  23 236 164 30 705 248 165 1078
1842  6 151
1843  25
1844  6
1845  6 39 143
1846  30
1847  619
1849  1079 1080
1850  490 308
1851  6 17
1852  481 1081
1854  6 1082
1855  751
1856  6 25 17
1857  1082
1858  1083
1859  30
1860  6 30
1861  103 36
1862  16 619
1863  16 619
1864  16 619
1865  30 789
1866  1084
1867  1085
1868  338 1086 874
1869  1087
1870  52
1871  602 60
1872  84
1873  576
1874  25
1875  156 84
1877  94 672 1088 673
1878  6
1879  25
1880  6 73 1089
1881  25 154
1882  6
1883  277 951
1884  6
1885  454
1886  21 82 155 481 83 745 84
1887  30 16 619
1888  454
1889  25
1890  249 620 1091
1891  16 619
1892  337
1893  16 619
1894  16 619
1895  6 869
1896  25
1897  25
1898  30
1899  292 621
1900  249 79 1092 1093
1902  1094
1903  6 1095
1904  94 672 1088 673 1096
1905  25 16
1906  23
1907  30 191
1908  16 94
1909  39 688 190
1910  21 64
1911  25 763
1912  1097
1913  6 531 30
1915  1098 1099
1916  161 687 994
1917  1100
1918  6 638
1919  1101
1920  30
1921  25 602
1922  16
1923  6 25 16 1102
1924  619
1925  25 1103
1926  60 1104
1928  481 154
1929  748 328 534 63 523 329 151 583 1106
1930  25 1107
1931  10
1932  16
1933  308 16 619
1934  619 136
1935  30 986
1936  25 1058
1937  16 619
1938  0 907 908
1939  352
1940  16
1941  30 99 753 751
1942  6 249 602 409 599
1943  6
1944  6 409 136
1946  25 294 506
1947  1108
1948  286 1035
1949  6 21
1950  16
1951  52
1952  6 30 25
1953  103 6 25
1954  1109
1955  1110
1956  1109
1957  308 16 619
1958  1111
1960  619 1107
1961  23 338 286 21 188 31 25 0 460 36 437 1112 161 60 1113 16 1114 1115 40 366 52 619 51 1048 367 1116 801 1060 609 1117 178 368 1119
1962  39 372
1963  155 154 1120 1121 1122
1964  944
1965  294 1123
1966  271 694
1967  815
1968  944
1969  25
1970  30 25
1971  22
1973  1125
1974  156
1976  23 951
1977  1126
1978  6 39 599
1980  684 1052
1981  6 421 598
1982  701
1983  49
1984  127 25
1986  697
1987  156 25 36 706 52 1078 759 640 638
1989  1127
1991  236 30 36 1128 1129 143
1992  25
1993  6 149 136 746
1994  12
1995  361
1996  506
1997  30 25 16 619
1999  156 84
2000  907 1131
2001  21 156 1132
2003  25
2004  490 491 694
2005  6 1133 73 1134
2006  23 22 286 156 352 246 1135 123 294 165 971 1136 695
2007  6 25 1137
2008  236 6 74 244 325 308 1138 248 151 409 599 876 136
2009  25 1107
2010  52 1139
2011  21 60 825
2012  6
2013  619
2014  619
2015  6
2016  6 30 136 372
2017  149 986
2019  6 122
2020  52
2022  21
2024  22
2025  6
2026  364 16
2027  308 367
2028  52
2029  23 16
2030  481
2031  21 30
2032  25 1090
2033  6 25
2034  1141 1142
2035  908
2036  23 1143 25 1144 461 220 24
2037  6 248 52
2038  6 21 460
2039  6
2040  84
2041  22 6
2042  991 30
2043  6 623 136
2044  323 165
2045  388 1111 448
2046  421 123
2048  6 30
2049  84
2051  127 6 229
2053  363
2054  16
2055  703 863 16
2056  6
2057  6
2058  23 6 30 770
2059  490 491 284
2060  127 1142
2062  1142
2063  23 21 896 249 30 244 898
2064  22 74 328 246 350 248 869
2065  23 748 156 437 161 465 248 52 17 1146 1060
2066  25 39
2067  127
2068  6 1142
2070  6 39 602 248 372 698
2071  123 1142
2072  156 707 64
2073  6 1148
2074  6
2075  161 1149
2076  23 30 25 460 859 52 17
2077  17
2079  16 1151
2081  1025 16
2082  25
2083  21 25 829 1152 831 833 1153
2084  323 165
2085  30 25 251
2086  73
2087  25
2088  30
2089  21 156 169 867 1154
2091  621 178
2092  481 1081
2093  103 431 388 450 257
2094  30 63 884 226 8
2095  1155
2096  25
2097  25
2099  448 372
2100  84
2101  6
2102  1025 16
2103  1156
2104  454
2106  22 283 21 30 1157 284
2108  944
2109  465
2110  388 39
2111  6 1158 136
2112  286 1159
2113  753
2114  6 1160
2115  22
2116  753
2117  127 6 1161
2119  1162
2121  439
2122  22 1163
2123  21 74 73 248 826
2124  16 619
2125  1050
2126  16
2127  16 619
2128  16 619 178
2129  36
2130  103 36 534 96 1074
2131  748 1027 1164 1165
2132  431 6 0 1166
2133  6 311 1168
2134  6
2135  1169
2136  22 308 688
2137  23 648 30 789 0 40 238
2138  6
2139  481
2140  30 25 36 706 759
2141  619
2142  1004 1170
2143  421
2144  6 648 30 372 698
2145  1171
2146  1172
2147  1172
2148  74 30 25 246 36 350 1173 308 1004 1175 1078 310
2149  1176 1177 1178 1180 1181
2151  16
2152  127
2153  30
2154  22 30
2155  619
2156  23 6
2157  16
2158  363
2159  16 619
2160  862
2161  16
2162  862
2163  161
2164  6 0
2165  1182
2166  16
2167  23 30
2168  6
2169  25
2170  155 481 487
2171  602 1183
2173  127 21 248 698
2175  30 25 437 52 885 1030
2176  439
2177  6 17
2178  63 8
2179  291 364
2180  6 73
2181  25
2182  6 25
2183  16 619
2184  6
2185  21
2186  16 619
2188  619
2189  52
2190  1185 1186 1030 1187
2191  23 372
2192  21 156
2193  738 1188 1141 25 1189 1135 223 24 1165 829 465 506 1190 165 1191 999 1192 1124
2194  308 798
2195  25 16 619
2196  277 22 156 954 84
2197  23 74 248 165 284
2198  1169
2199  12
2200  82
2201  6 17
2202  30 25 16 619
2203  30 25 16 619
2204  127
2205  16 619
2206  6 25
2207  481
2208  52
2209  602 165
2210  126
2211  308
2212  271
2213  246
2214  25 819
2215  619
2216  439
2217  16 619
2218  6 25 1193 698
2219  1194
2220  165 688
2221  1195
2222  6 558 39 591 248 869 136 698
2223  30
2224  1196 602
2225  30 161 372 698
2226  21 156
2227  1199 1156 533
2228  1157
2229  23 346
2230  1170 1200
2231  602
2232  6 25
2233  1134
2234  481
2235  127
2237  16
2238  16
2239  619
2240  30 25 16
2241  6 151 1201
2242  819
2243  23 22 6 21 156 25 1203
2244  1204
2245  885
2246  63
2247  286 30 25 39
2248  123
2249  16
2250  6 308
2252  308 16 619
2253  1185 1186 1030 1187
2254  16 619
2255  6
2256  30 16 619
2257  25
2258  21
2259  21 1205
2260  21 30 967 576 878
2263  874
2264  156 30 25 64
2265  21
2267  21 372
2268  30 25 1135 52
2269  874
2271  30 1206
2272  431 25 229 0 1207 52 885
2273  6
2274  23 22 21 25
2275  6 25
2276  6
2277  6 1085
2278  1208
2279  123 809 876
2280  52
2281  1210
2282  246
2283  6
2284  6 757
2285  164 25 123 165
2287  1097
2288  23 22 286 21 156 271 30 702 0 1147 460 36 323 161 223 63 523 165 745 52 1214 826 64 17
2289  6
2291  271
2292  1216
2293  23 21 481 215
2294  22 25 24 372
2295  1217
2296  22
2298  16
2299  1218
2300  1219 1220
2303  161
2304  16 619
2305  1105
2306  6 325
2308  1105
2309  21
2310  363
2311  324
2312  1035
2313  6 511
2314  21 60 825
2315  6 21 25 136 698
2317  829 1152
2319  16 619
2320  490
2321  188 25 308 1221
2323  6 21 74 591 619 826 149
2326  6 1147
2328  6 481 136
2329  1222 355 1223
2330  6 117 998 136 372
2332  248 989
2333  809
2334  449 248
2335  6 123
2336  21
2337  17
2338  23 6 21 30 229 123
2339  1224 16 343 687
2340  30 481
2341  6
2342  6
2343  6
2344  907
2346  6 30 0 52
2347  21 74
2348  23 6 30 60
2349  156 84
2350  706
2351  25
2352  16 619
2353  16 619
2354  6 136
2356  16 619
2357  6
2358  64
2359  6
2360  16 52
2361  291
2362  283 249 789 25 895
2363  36
2364  25 1041 1228
2365  6
2366  30 1229
2367  156 16 1004 310
2368  388 1230
2369  1097
2370  294
2371  363
2372  294
2374  16 619
2375  808 1152 1232 1233 1234 1235 1236 1237 1238 1239
2376  21
2378  16
2380  25 986
2381  22
2382  16 619
2383  248
2385  363
2386  21 460 377
2387  1230
2388  23 127 21
2389  1150 25 829 831 1240 687
2390  6
2391  23 6 21 0 1147 123 52 885
2392  6
2393  481
2394  874
2395  84
2396  16 619
2397  286 1241 895
2398  1243
2399  308 16
2400  21 308
2401  21 156 1244
2402  619
2404  493
2405  6 1245
2406  25 123 165
2407  25 16 619
2408  25 294
2409  874
2410  520 16 619
2411  6
2413  36
2414  25
2415  481
2416  74 169 220 24 284 372
2417  6 39
2418  22
2419  52
2420  25
2421  30
2422  30
2424  25
2425  6
2426  1195
2427  286 421
2428  6 1142
2429  103 127 534
2431  294
2432  6 1147
2433  16
2434  271
2435  6
2436  1245
2437  286 294 1097
2438  23 735 25 0 1147 52
2439  25
2441  16 619
2442  23 21 0 1147 325 123 52 885
2443  16 619
2444  1164 36 223
2445  16
2446  16
2447  16
2448  25
2449  25 1090
2450  23 6 21 25
2451  94
2452  6
2453  363
2454  431 6
2455  23 323 123
2456  64
2458  64
2459  16
2460  308 809
2461  6 1247
2462  286 271
2463  21
2464  996
2465  6 665
2467  21 82 154 1248 60 165 1249
2468  6
2469  286 6 30 25 481 323 854
2470  1250 308
2471  6
2472  1251
2473  1245
2475  165
2476  16 619
2477  21
2478  1252 249 25 1135 60 1104
2479  21 82 25 518
2480  872 809 876
2481  103 6 992 1147
2482  30 16
2483  21 25 460 862
2484  36
2485  308 619
2486  6
2487  789 16
2488  52 876
2489  874
2490  79 565 248
2491  874
2492  363
2493  1253
2494  809 1254
2495  809
2496  6
2497  30
2498  16
2499  364
2501  236 6 858 360 248
2502  16
2503  1055
2504  1192
2505  1100
2507  30 25 36 223
2508  867
2509  968
2510  772
2511  1251
2512  1255 1256
2513  6 30
2514  1257
2515  363
2516  16 619
2517  16 619
2518  6 25 52
2519  6 449 1258
2520  6
2521  6 984
2522  25
2523  127 1027 1259 1164 75
2524  16
2525  294
2526  6 73 1246
2527  21
2528  363 1261
2530  16 619
2533  809
2535  52
2536  809
2537  6 449
2541  30
2542  6 21 74 73
2543  1055
2544  6 874
2545  23 286 21 30 25 829
2546  6 30
2547  6
2548  1243 1262
2549  6
2550  6
2551  21 25 0 1077 1005 52 869 448
2552  30 25 60
2553  286 284
2555  25 328 165
2556  25 1128 506
2557  789 25
2558  80 22 236 248
2559  36 52
2560  1164
2561  6 449 169 325
2562  25
2563  363 308
2564  6
2565  246
2566  1263
2567  1264
2568  277 954 84
2569  31 308
2570  25 325
2571  421
2572  16 619
2573  1265
2574  23 872 25 1266 1077 829 1078
2575  286 364
2576  6
2577  364 172
2578  16
2579  6
2581  6
2582  809
2583  16
2585  809
2586  1227
2587  25
2588  25
2589  363
2590  431 6 346
2591  25
2592  16
2593  16 619
2594  21 30 169
2595  286
2596  22 490 491
2598  16
2599  619
2600  23
2601  21
2602  30 907
2603  6
2604  16
2605  25
2606  1221
2607  6 449
2608  127 30 25 52
2609  6
2610  6 249 789 1137
2611  25 346
2612  16 619
2614  23
2615  16
2616  271
2617  63
2618  6
2619  364 94
2620  25
2621  25
2622  25 1267
2623  324 151
2624  6
2625  16 619
2626  6 591 325
2627  1256 1268
2628  52
2629  25 154
2630  0
2631  68
2632  1269
2633  25 39
2635  52
2636  346 40
2637  164 1270 94 1271
2638  1267 260
2639  294 1272
2640  363
2641  25 481 39 123 165
2642  23 748 21 30 1273 1274
2643  363 1275
2644  6 1276
2645  1277
2646  6 21 437
2647  694
2648  6 772
2649  6 30
2650  6 229 591 350 688
2651  21 156 151 395 730
2653  6 21
2654  25
2655  25
2656  25
2657  6 25
2658  6
2659  23 177 21 156 74 30 598 248 151
2660  156
2661  1278 156
2663  6
2666  872
2667  156
2669  619
2670  1281 25
2671  748 25 829
2672  286 294 284
2673  1078
2674  1269
2675  103 701 246
2677  6 1258
2678  23 21 25
2679  1283
2680  454
2681  6 449 1258
2682  6 451
2684  913 6 30 25 0
2685  21 701 30 25 63 1282
2686  6 74 229 153 151
2687  23 6 21 25 591 151 52
2688  22 21 30
2689  23 6 21 30 328 1284 36 1266 1077 829 1152 52 1285
2690  6
2691  363
2692  25 308
2693  363 10
2694  363
2695  1286 490 1287 215 687
2696  451
2697  6
2698  22 323
2699  22 286 21 156
2701  421 123
2702  156 84 64
2704  25 16
2705  1288
2706  23 22 74 73 248
2707  6 21
2708  338 246
2709  490
2710  884
2711  6 648 520 325
2713  748 30 25 328 60
2714  6 25
2716  25
2718  6
2719  30
2720  25 52
2721  6
2722  449 144
2723  6
2724  6 229 602 308
2725  6 992 25 123
2726  363
2727  6
2728  6
2729  6
2730  598
2731  6
2732  22
2733  6 30
2734  1289
2735  1290 52
2736  94
2737  25
2738  25 16
2739  6
2740  6 346 731 151 94 599
2741  6
2742  6 25 1292 1145 52 885
2743  80 30 25 60
2744  25 421 308
2745  6 249
2746  25
2747  80 6 169 789 958 895 1272
2748  6 1293 1292
2749  16 1294 439
2750  16 619
2751  6 191
2752  60 1090
2753  25 792 923 968 829 1152 1240
2754  79 397
2756  6 52 885
2757  21 153
2758  6 449 39 409
2760  6
2761  6
2762  22 360
2763  6 156 25 545 60
2764  913 127 6 164 21 531 30 1147 1295
2765  80 294 1272
2766  166 1027
2768  6
2769  16 619
2770  6 21
2771  1297 16
2772  25
2773  6 49 117 735 30 25 246 1147 421 39 591 602 325 1292 756 599
2774  25 308 263
2775  6
2776  602
2778  6 25 1225 60 1292
2779  1201
2780  325
2781  156
2782  1279
2784  16
2785  363 30
2786  6 297
2788  1298
2789  6 25
2790  816 323
2791  16
2793  127 25 1299
2794  16
2795  1300 308
2796  6
2798  271
2799  22
2800  21
2801  25 1301
2802  6
2803  1085
2804  103
2805  25
2806  363
2807  16
2808  6 735
2809  6
2810  21 25
2811  6 591 602 325
2812  30 25
2813  363
2814  6
2815  25
2816  6 364
2817  25 1255 397
2818  16
2819  25 16
2820  16
2821  30 25 328 523 29
2822  22
2823  1302
2824  23 127 6 74 229 123 346
2825  598 808 248
2826  6 151
2827  1298
2828  156 39 83
2829  22 286 364
2830  16 619
2831  6
2832  363
2833  6
2834  23 94
2835  6
2836  1303
2837  16
2838  21 701 25 545 954 600 395
2839  249 789
2841  188 186 16
2843  1304
2844  16
2845  21 60
2846  6 1305 151 869
2848  915 308
2849  6
2850  363 1306
2851  52
2853  22
2854  619
2856  1307
2857  156 64
2858  363
2859  23 896 30 244 898
2860  1225 486
2861  308
2862  30 244 706 308
2863  39 126
2864  16
2865  6 25
2866  523
2868  286 123
2869  16
2870  6 21
2871  6 25 1231
2873  308
2874  16
2875  6 1085
2876  619
2877  1308
2879  248
2880  23
2881  16
2882  246
2883  363 1309
2884  363
2885  363 1268
2886  363
2888  363
2889  52
2890  6 21 73
2891  16
2892  421 639
2894  6 30 39
2896  363 1310
2897  25 16
2898  363 1311
2899  1312
2900  481 165
2901  25
2903  156 82 308 867
2904  748
2905  30
2906  1132
2907  363
2909  6 25
2910  94
2911  117 83 395
2912  23 21
2913  6 529
2914  249 789 39 1183
2915  6
2916  6 735
2917  363
2918  6
2919  16
2920  286 490
2921  22 6 155 308 731
2922  16
2923  30 308
2924  363
2925  22
2926  619
2927  619
2928  25
2929  6
2930  6 0 39
2931  36
2933  25
2934  16
2935  363
2936  23
2937  598
2938  363
2939  6 117 1314
2940  6
2941  323 165
2942  23 244
2943  6 39
2944  6 325
2945  6
2946  30 16
2947  25
2948  23 21 591 325 248 151
2949  6 598 325
2950  745
2951  22 789 165
2952  6 364
2953  16
2954  23 21 25
2955  363 1316
2956  126
2957  16
2958  252
2959  94
2960  363 308
2961  25
2962  363
2964  25
2965  23
2966  6
2967  6 25
2968  22 126
2969  906
2970  23 6 244
2971  271
2972  6 648 1317 1027 1164 421 1273 611 817
2973  1318
2974  286
2975  1319
2976  338 1320 363
2977  1320 493 25
2979  1132
2980  25 602 1321
2981  6 1322
2982  16
2984  6 1323 229
2985  6 25
2986  164 328
2987  25
2988  156
2990  388 1324
2991  22 6 21 325
2992  16
2993  23 164 1188 1325 1326 25 328 460 1327 1284 36 1077 1274 1115 248 165 1290
2994  25 1090
2995  6
2996  25
2997  6
2998  1269
2999  363
3000  25
3001  16
3002  82 346
3003  23 748 127 21 249 74 30 789 1329 25 244 1311 1077
3004  188 308
3005  16
3006  545
3007  16
3008  545
3009  103 6 36
3010  6
3011  16
3012  156 82 45
3013  6
3014  6 0 325
3017  324 648 25
3018  323
3019  6
3020  363
3022  25 829
3023  25 154
3024  21
3025  25
3026  1173
3027  816 1310
3028  748
3029  364 1281
3030  21 25 481
3032  21
3033  165
3036  6 1331 0
3037  52
3039  1183
3040  363
3041  6
3042  188 308
3043  23 748 21 1332 1333
3044  25
3046  16
3047  363 1135
3048  363
3049  23
3050  6
3051  291 363
3052  6 550
3054  363 1334
3057  127
3058  1286
3059  16 619
3060  25
3061  25 24
3062  25
3063  6
3064  598 252 248 1085
3065  493 25
3066  6
3067  22 323
3068  236 6 229 123
3069  25 1077
3070  1135
3072  363
3074  6 325
3075  363
3076  6
3077  16
3078  363
3079  364 363
3080  30
3081  21 156 1338
3082  6 25 308
3083  6 308 151
3084  30 25 1077 829
3085  188
3086  127 25
3087  39
3088  6
3089  25 1090
3090  16
3092  21
3093  872 1341
3094  127 21 156 872 30 811 867
3095  6
3096  6 25
3098  30
3099  748 127
3100  25 829
3102  6
3103  6 992 578
3104  6
3105  16
3106  481
3107  6 308
3108  6
3109  6
3110  6
3112  23 6 117 1343
3113  421
3115  1344
3117  1085
3118  364 1345
3119  23
3120  126
3121  25
3122  6 25
3124  22 21 45 1346
3125  60
3126  23 6 25 229
3127  21 156 308
3128  21
3129  25 1128
3130  493
3131  826
3132  117 229 123
3133  6 30
3134  25
3135  23 22
3136  1304
3137  23 22 323
3138  22
3139  286
3141  25
3142  25
3143  23 80 6 789
3144  22
3146  286 21 25
3147  6 1183
3148  6 1292 163
3149  6 94
3150  545
3151  545
3152  21 308
3153  16 619
3154  246
3155  872 1090
3156  25
3157  338 31
3158  6
3159  6
3160  23 103 6 481
3161  165
3162  1340
3163  1027 1259
3164  286
3165  6 117 74 169 811 36 308 248 1221
3166  23 6 1349 156 117 30 25 1350 123 1340 830 730
3167  23 6 169
3168  1340
3169  1351
3170  80
3171  22 286
3172  6 39
3173  6 151
3174  1352
3175  25
3176  6
3177  6
3178  6 297
3179  21 45
3180  248
3181  6 30
3182  6 25
3183  1353 30 36 1077 1274
3184  6
3185  23 6
3187  127 6
3188  286 127 6 324 1259 165
3189  25 39 829 1128
3190  25
3192  6
3193  277 748 21
3194  23 80 1320 25 1327 36 1266 1077 706 1355 161 52
3195  25
3196  6
3197  286 30 169 25 73 248
3199  6
3200  363
3201  6 21 156 460 545
3202  21
3203  421
3204  6 355
3206  25 1356
3207  6
3208  23 327 22 1357
3209  364 25
3210  598
3212  1078
3213  811
3214  25
3215  919
3216  177 25 437 829
3217  1358 481
3218  6
3220  6 25 323
3221  156 545
3222  1104 1159
3223  6
3224  6 449
3225  6
3226  23
3227  1359
3228  156 25 829
3229  6 25
3230  117 591 308 1314
3232  286 25 1159
3233  23 1360
3234  6 25
3235  152
3236  6 311
3237  6 1147
3238  1361
3239  22 164 21 701 328 323 165
3240  25
3241  431 6 992 578 0 935 1362 917 1363
3242  6
3243  1364
3244  93
3245  6 117 735
3247  103 6
3248  6 598 1085
3249  23 25 829 1365
3250  1366
3251  30 16
3252  6 63 165
3254  25
3255  973
3256  6 74 325 151
3257  6
3258  6
3259  6 1286 591 308
3260  117 252
3261  117 25
3262  6
3263  6 1367
3264  1368 490 694
3266  6 701
3267  25
3268  973
3269  1269
3270  252
3271  249 602 323 123
3272  297
3273  934
3274  1345
3275  1369
3276  6 36
3277  21 545
3278  6 25 1138
3279  23 327 127 6 21 25 244 39 1370 829 151
3280  156 481
3281  21 156 789 395 64
3282  25 506 507 372
3283  36
3284  1371
3285  6
3286  748 1287 968
3287  22 127 74 39 1288 63
3288  23 1372
3289  291 22 286 984 364 664 761
3290  25
3291  6
3292  1373
3293  286 6 169
3294  6
3295  16
3296  22 286
3297  127 164 21 352 165
3298  6
3299  23 6 117 249 74 25 1274 248
3300  22
3301  21 545 165
3302  6
3303  156 45
3304  23 25
3305  1374 585 1375 1376
3306  694
3307  30 25 36
3308  25
3309  49 153
3310  6 1377
3311  487
3312  25
3313  648 1286 25 602
3314  598 1085
3315  1085
3316  1085
3317  1085
3318  6 144
3319  25 1378
3320  338 1379 294
3321  6 151
3322  748
3323  6
3325  872 244
3326  25
3327  1380
3328  23 6 25
3330  1381
3332  6 60
3333  598 1085
3334  1085
3335  6 25 39
3338  22
3339  1100
3340  23 6 21 1281
3341  23 25 308
3343  449
3344  1346
3345  21 156 60
3346  23 748 21 25 328 63
3347  103 789
3348  123
3349  6
3350  360 153 600 1382
3351  249 25
3352  21 25 585
3354  602 152
3355  598
3356  25 1384
3357  6
3358  421
3359  25
3360  6
3361  236 127 74 25 328 1385 223
3362  22 490 491 1386 215 509
3363  1387
3365  6 591
3366  1387
3368  6 117
3369  1388
3370  25
3371  22 6 164 21 156 701 248
3372  6
3373  6 73
3374  286
3375  25 246
3376  25
3377  324
3378  248
3379  6
3380  80 872 1389 30 1391
3381  1392
3382  6
3383  6
3385  585
3386  151
3387  437 16
3388  352
3389  323 1393
3390  21
3391  6
3392  286 490
3393  748
3395  187 188 30 25 707
3396  22
3397  23 748 127 21 30 328
3398  6
3399  1361
3400  1395
3401  22 156
3402  80 1329
3403  246
3404  25
3406  324
3407  6
3408  286
3409  123
3410  6
3411  1396
3412  1397
3413  236 6 297 449 188 653 74 25 1164 591 325 248 94 723
3414  6
3415  271 490
3416  600
3418  6
3419  545
3420  25 39
3421  23
3423  308
3424  286
3425  22 286 63
3426  6
3427  1345 1398
3429  6 165
3430  25 60
3431  1216
3432  6
3433  23 123
3434  1311
3435  23
3436  6
3437  74 246 602
3438  25
3439  22
3440  23
3441  6 25
3442  164 21 25 585
3444  22
3445  1395
3446  22 6 21 156
3447  21
3448  25
3449  127
3450  578 1399 94
3451  25
3452  23 6 21
3453  6
3454  883 39 602 308
3455  338 1351
3456  286
3458  421
3459  772
3460  6 21
3461  6 21 156 83
3463  6 1278
3464  1375
3465  23
3466  271 694
3467  6
3468  25
3469  6 297
3470  22
3471  6 21 74
3472  481 154
3473  6
3474  63
3475  1369
3477  6 25
3478  153
3479  6
3480  286 271
3481  1401
3483  23 748 25 154 123
3484  25
3485  25 1173
3486  1402 1403
3487  1345
3488  236
3489  25 1308
3490  22 872
3492  156 84
3493  408
3494  21 156 567 123
3495  6 449 811
3497  884
3498  6 408
3499  22 25
3500  323 308
3502  323
3503  156 83 1405
3504  6 25
3505  23 6 21 1353 25
3506  23 1286 25
3508  6
3509  25
3510  6 325
3512  6
3513  23
3515  1363
3516  21 155 481 1077 123
3517  117 1407 1287
3518  25
3519  308 1408
3520  189
3522  6
3523  6 21
3524  49 25
3525  23 1360
3526  598
3527  31 811 816
3528  6
3529  323
3531  23 25
3532  23 324
3533  22 490 1157
3534  6 25
3536  23 22 21 1410 30 534
3537  23 6 598
3538  25
3539  189
3540  6
3542  23 25 346
3543  25 1411
3544  325
3545  6
3546  6 246
3547  431 6 21 117 229 123
3549  6 706
3550  291 984 664 30 25 665
3551  156
3552  23 21 1413
3553  23 748 21 156 30 25 328
3554  872
3555  1414
3556  25
3557  323
3558  934
3559  271
3560  364
3561  23 30 25
3562  6
3563  23 25
3564  23
3565  294
3566  6
3567  1415
3568  884
3569  6
3570  25 602 308
3572  6 324 21 156 481 123 308 248
3573  1416
3574  325
3575  25
3576  25
3577  25 123
3578  6
3579  189 421
3581  169
3582  6 249
3583  25 602 308
3584  127
3585  63
3586  253 254 153
3587  297 388
3588  598
3589  6 324 117 229 1147
3590  23 6
3591  21 156 82
3592  189
3593  21
3594  648 992 0 73
3595  325
3596  6
3598  939
3599  872 25 829 1411
3600  23 6
3602  323
3603  1351
3604  23 30 1266 1391 898
3605  21
3607  308
3608  169 39
3609  23 578
3611  10
3612  127 1286 249 25 246
3613  25
3614  236 6 164 991 1417 1277 591
3616  6 1418
3617  6 49
3618  23 25
3619  6 21
3620  6 25
3621  323
3622  25 308
3623  25 1213
3624  25 323 1420 605
3625  25
3626  21
3627  308 16
3628  286
3632  156
3633  6
3634  21
3635  1421 60 1425 1406 1426 1428 1429 1430 59
3637  338 236 6 21 74
3638  913 6 1384
3639  83
3640  23 748
3641  25 83
3642  748 25 328 323
3643  6 958 0
3645  294
3646  6 21 246
3647  25
3648  1301
3649  324
3650  76
3651  6 25
3652  1409
3653  156
3654  23 156
3655  6
3656  6
3657  22 286 249 169 240 73 694 1033
3658  6 21
3659  1432
3660  6
3661  73
3662  1432
3663  25
3664  22 169 744
3665  872
3667  872
3669  23 156 323
3670  1433 39
3671  364
3672  21
3673  21
3674  22
3675  23 913 431 6 21 648 117 74 1435 244 229 0 460 39 591 123
3676  23
3677  324 164
3678  6 117
3679  6
3680  1308
3681  22
3682  21
3683  6
3684  6
3685  6
3686  1334
3687  1384
3688  1436
3689  6 25
3690  21 246
3692  323 1420 1437
3693  6
3694  6
3696  23
3697  21 883
3699  735
3700  23 25 1135 323 1165
3701  156
3702  286 872
3704  21
3705  23 1055
3706  25
3707  6 706
3708  127
3709  1345
3711  23
3712  23 244
3713  23 701 123
3714  6 229
3715  324 156
3716  23 6 31 30 25 703 1147
3717  30
3718  30 25
3719  294
3721  6 25
3722  169
3723  169
3725  6
3726  6
3727  23 249 30 1077
3729  23
3730  6 297 324
3732  431 6
3733  6 297 1293
3734  22 21 45 323
3735  6
3736  23 1416
3737  25 1440
3738  156
3739  23 21 481
3740  21
3741  6
3742  23 127 1103 1135 253 1165 1383
3744  6 325
3745  1441
3746  545
3747  21 1077
3748  364
3750  6 1361
3751  297 39
3752  1135
3753  1442
3754  6 21
3755  1443
3756  68
3757  1444
3758  6
3759  23
3760  6
3762  253
3764  1445
3766  23 1416 1439
3767  1446 229 1315
3769  21
3772  23 22 21 249 789 1416 1355 1448 1173
3773  6
3775  21
3776  25 1449
3777  156 1449
3778  364
3779  1450
3780  6 324 229
3781  297
3782  6
3783  6
3784  23
3785  21 156
3786  6
3787  6
3788  6
3789  22 74 325
3790  25
3791  308
3792  1444
3793  23 6
3794  493
3795  6 21
3796  23
3797  169
3798  23
3799  6 702
3800  30 1391 1451
3801  1445
3802  68
3803  738 648
3805  6 591
3806  6 325
3807  286
3808  6 49 280 487
3809  45 1346
3810  6
3811  21
3812  1346
3813  25 308
3814  915 1025 1452 1453
3816  30
3817  324
3819  6
3820  6
3821  286 39
3823  388
3824  156 30 1075 1211
3825  286 694
3826  6
3828  6
3829  1451
3830  6
3832  1135
3833  6
3834  702
3835  1454
3836  23 117 123
3837  6
3838  1455
3839  6 1307 30 1354 1266 1077
3841  80 286 169 761 775
3842  324
3843  286
3844  22 21
3845  23 896 1457 307 1458 1459 244 898 899
3846  6 229
3847  23 25 1276
3848  545
3849  22 127 21 82 30 1460 954 152
3851  80
3852  6 39 308
3853  21 991 421
3854  6
3855  21
3856  872 1461
3857  6
3858  286
3859  738 648
3861  1462
3862  1456
3863  578
3866  6 30
3867  6
3869  23 22 748 1188 156 30 25 244 328 0 1135
3870  6 597
3871  25
3872  6
3873  748
3874  23 748 286 25 1463 36 1077
3876  664
3877  21
3878  545
3879  25
3880  22
3882  707
3883  117
3884  21 325
3885  21
3886  169
3887  6
3888  6
3889  126
3891  1420
3894  155 39 248 1466
3895  328
3896  249
3897  6
3898  21 156 1416 244
3899  22 271 388 919 1467
3901  1454
3902  23 327 22 748 164 21 991 30 916 1468 1469 460 1135 1470 1212 123
3903  286
3904  880
3905  21 363 244 816 1471 1398 1472 1473 1474 718 51 1475
3906  1476
3907  39
3908  1286 702
3909  6 117 735 229
3910  6 169
3911  1477
3913  6
3914  286
3915  6
3916  1478
3917  6 25
3918  6 117 702 1293
3919  748 127 6 1433 328
3920  297
3921  748
3922  21
3924  22 286
3926  6
3927  346
3929  286
3930  6 223
3932  23 748
3934  21
3935  6
3936  872
3937  25
3938  872
3939  6
3940  23
3941  161
3943  21 1479 706
3944  1468 1480 1370
3946  22
3947  23
3949  6 30
3950  21 30 45 707 1211
3951  872
3952  23 896 30
3954  6
3955  6 117 591
3956  22
3957  872
3958  6
3960  872
3961  80 291 984 665
3962  872
3963  6 21
3965  21 702 421
3967  6 25
3968  6
3969  591
3970  6
3971  164 21 25
3972  30
3973  21 156
3974  6
3975  6
3976  23
3978  21
3979  1482
3981  1211
3982  6 155
3984  23
3985  1484
3986  6 21 229
3987  872
3988  127 164
3989  161
3991  6
3992  6
3993  144
3994  23 6 297 21 1485 1293
3995  25 1463 1135
3996  277 1487 1337 1307 1488 30 702 1489 328 704 1468 1491 460 1492 1341 1493 1494 1390 1470 1211 1495
3997  22 286
3998  6
3999  82 545
4001  6
4002  286 31
4003  6 297
4004  23 431 127 164 21 156 701 65 45
4005  21 545
4006  1496
4007  23
4009  21 1494
4010  6 297 324 1497
4011  286
4012  6 0
4013  23 6 30
4014  855 1498
4015  324
4017  1499
4018  286 271
4019  39 1376
4020  1126
4021  1500
4022  6 664
4024  127 6 325
4025  6
4026  481
4027  6 117 229
4028  23 748 271 25 328 792
4029  21 45 1355 323
4030  164 21
4031  21
4032  1375
4033  22
4034  25 1315
4035  21
4036  297 229
4037  23 21 1501 855 481
4038  21
4039  166
4040  327 6 1164
4041  25 1471 1486
4043  6
4044  25
4045  25
4046  567 1502
4047  291 984
4048  23 327 127 164 1157
4049  246
4050  25 1463
4051  1211
4052  30 789 25 311
4054  324 648 992 1247 996
4055  6 74
4056  297 49 598
4057  6
4058  6
4059  327 748 156 25
4060  22
4061  6
4062  22
4063  21 701 169
4064  6
4065  6
4066  1500
4067  6
4068  702
4069  1334 1503
4070  6
4071  6 1504 229 325
4072  872 1505
4073  1506
4074  1506
4075  39
4076  6
4077  872
4078  74 1476
4079  23 748
4081  23
4082  6
4083  6
4086  22
4087  6 0 1277
4088  6 30
4091  1391
4092  6
4093  23 324 21
4094  6
4095  598
4096  6
4097  6
4098  493
4099  23 6 1507
4100  748 25 328
4101  30
4102  23
4103  6 21 74
4104  25
4105  872 1505
4106  163 1509
4107  22
4108  277 6
4109  6 249 30
4110  6
4111  748
4112  6 1510
4113  25 126
4114  22 1442
4115  25
4116  79
4117  6 648 30
4118  23 30 25
4119  23 748 286 21 156 25 1463 36
4120  748 21 25 36
4121  6 449
4122  156
4123  6
4124  23
4125  23
4126  286 164 1286 701 1270
4127  6
4128  431
4129  22 789
4130  23
4131  6
4132  23 6
4134  6
4135  21
4136  1512
4137  6
4139  25
4140  1513
4141  21
4142  855 154
4145  22
4146  169
4147  1259 323
4148  23 872
4150  701
4151  23 6 30 25
4152  6
4153  913 22 431 164 82 25 707 1211 123 83
4154  39
4155  1132
4156  22 490
4157  872 30 1341 1354 1077
4158  6
4159  6 648
4160  1513
4161  6
4162  23 25
4164  915
4166  156
4167  6
4168  6 648
4169  6
4170  23 6
4172  6
4173  6
4174  164 21 702 1469
4176  6
4177  6
4178  6 117
4179  22 748 1514 328
4181  6
4182  286
4183  6
4184  6 74
4185  1135
4187  21
4189  21 702
4190  431 286 21 1516 789 1416
4192  6
4193  6
4194  6
4195  127 74 1517 490 1433 246 1277 1077
4197  6
4198  1141
4199  6 297
4200  6
4201  6
4202  23 748 30 25 36
4203  6
4204  748 25
4205  156 1447
4206  872
4207  271
4210  286
4211  1519 364 915 31 1520 816 858 684
4212  6 25 1315
4213  6
4214  1513
4215  6
4216  872
4217  915
4218  6
4219  591
4220  6
4221  1225
4222  634
4223  1315
4224  872 702
4225  23
4226  6
4227  30
4228  297
4229  6
4230  21
4231  6
4232  6 21 648 578 229 421 123
4233  6 0
4234  6
4236  748 164 991
4237  31
4238  1135
4239  297
4240  6
4241  6
4242  6
4243  324 21
4244  22 1433
4245  186
4246  323
4247  22 1032
4248  324 1480
4249  286 872
4250  23 286 25 155 154 1287 123 1273 153 248 165 1159
4251  25
4252  6 39
4253  23
4254  872
4255  1521
4256  286 188 1522 811 816
4257  545
4258  286 6
4259  23 30 25 1440
4260  1500
4261  25
4262  6 648
4263  127 21
4264  286
4265  431 1147
4266  6
4268  648
4269  1523 1524
4270  6
4271  694
4272  21
4273  6
4274  6
4275  6
4276  39
4277  127 164 352
4280  25 1463 1486
4281  283 21 1348 789
4282  21
4283  127 164
4284  6 117
4285  21 1349 648
4286  6 21
4287  1525
4290  702
4291  6
4292  1505
4293  23 327 21 156 246
4294  1277
4295  6
4296  872 1505
4297  39
4298  21
4299  25
4300  6 25
4301  127 21
4302  103 6
4303  23
4304  789
4305  872
4306  1367
4307  297
4308  327 21
4309  6
4310  872
4312  6 0
4313  21 1416
4314  872
4315  648
4316  6 117
4317  21
4318  6
4319  872
4320  23
4321  6
4322  21 244
4323  872
4324  6
4325  1527
4326  1527
4327  648 664 388 585
4328  1527
4329  21
4330  748 872
4331  249
4332  1446 25 1486
4333  1528 872
4334  21 156 545
4335  6
4336  297
4337  702
4338  297 1446
4339  23 21
4341  1529 1442
4342  1530
4343  286 127 21 490
4344  23 164 21
4345  6
4348  1496
4349  872
4350  6
4351  286
4352  6 117
4353  39
4354  6
4355  1531 364
4356  872
4357  169
4358  23
4359  6
4360  1533 25
4361  1533
4363  1534
4364  6
4365  297
4367  6
4368  23
4369  23 338 21 1457 363 1326 1535 30 1527 1458 244 897 1471 1536 1266 1390 1355 898 899 1470 1276
4370  23
4371  421
4372  872 1527
4373  6 117 789 1144
4374  21
4375  21
4376  21
4377  21 156 1416 244
4378  6
4379  872
4380  1512
4381  6
4382  271
4383  6 1293
4385  23 21 545
4386  117 249 735 789 1051
4387  6
4388  297
4390  297
4391  297
4393  1241 1150 249 789 1224
4394  297
4395  1499 297
4396  25 1103 1413
4397  1527
4398  328 1538
4399  297 1539 1400
4400  1540
4401  22 6
4402  127 421 308
4403  872 1525
4404  21
4405  127 21 701 792 923
4406  23
4407  872
4408  6
4409  6
4410  22 6
4411  6 531
4412  6
4414  6 1379
4415  297
4416  453
4417  297
4418  6
4419  25
4420  23 327 431 6 297 324 21 992 438 531 117 1147
4421  22
4422  22 286 164
4423  453
4424  872
4425  1353
4426  431 531
4427  6
4428  1103
4429  297 1479
4430  25 1538
4431  6
4432  297
4433  1534
4434  22 286 1032
4435  1527
4436  156
4437  437
4438  23 872
4440  6
4441  1033
4442  156
4443  913 748 21 156 388 25 328 36 1484 437 1135
4444  1542
4445  6
4446  6 1481
4447  21 156
4448  338 6 1353 30 25 39
4450  22 1368 271 240 694
4451  22 286 271
4452  1534
4453  297
4454  23 25
4455  6
4457  6
4458  23
4460  21
4461  23 1527
4463  76 789
4464  597
4465  22
4466  388 450
4467  453
4469  1497
4470  297
4472  249
4473  74
4474  324 117
4475  872
4476  39 1135
4477  481
4478  22
4479  1416
4480  6
4481  6 21
4482  6
4483  1325 1544 1400
4484  271 789
4486  25
4487  6
4489  177 872 39
4490  6
4491  297
4492  6
4493  30
4494  177 327 748 127 25 263
4495  23 177 21 597
4496  186
4497  297
4498  297
4499  6
4500  6
4501  6 117
4502  286 1545
4503  169
4504  23 913 164 169
4505  1138
4506  22
4507  30 1527
4508  6
4509  297
4510  297
4511  6
4512  297
4513  286 30
4514  30 1546
4515  297 1325 1544 1479 1400
4516  297
4517  872
4518  45
4519  25
4520  36
4521  6
4522  6 21 39
4523  453
4524  324 117
4525  6
4527  6
4528  23 177 748 21 352 328
4529  249 789
4530  6
4532  6 1147
4534  21
4536  6 21 74
4538  23
4539  286 991 74 169 694
4540  249 789
4542  177 872
4543  598
4544  1141 1527
4545  1343 1402
4546  127
4547  789
4548  1496
4549  991
4550  453
4551  1343
4552  297
4553  297
4554  297
4555  872 328
4556  6
4557  1527
4558  297 117 1548
4559  6 297
4560  6
4561  156
4562  156
4563  127
4564  6
4566  453
4567  1545
4568  297
4569  6
4570  6
4571  6 21
4572  6
4573  453
4574  1527
4575  1527
4576  156
4577  286 352
4578  6 249
4579  773
4580  6
4581  21
4583  30
4584  22 6 73
4585  6
4586  23 297 117
4587  6 449
4588  6
4589  22 21
4590  1486
4591  6
4592  21 1489
4593  872 1527
4594  286 21
4595  1550
4596  531 520 1551
4597  21
4599  286
4600  6 30
4601  21 352 789
4602  21
4603  286 6
4604  1278
4605  21
4606  22 286 694
4608  6 246
4609  6
4610  22 30 490 491
4611  6
4612  1141 1524
4613  22
4614  453
4615  6
4616  271 491
4617  23 22 127 164 991 240 328
4619  21
4620  6
4621  6
4622  6
4623  6 74
4624  6
4625  6
4626  327 748 127 164
4627  271
4628  6
4629  915
4630  6
4631  6
4632  6
4633  6
4634  453
4635  22 1552
4636  6
4637  1527
4638  328
4639  21
4640  1527
4641  23
4642  156
4643  164
4644  271
4645  297 229
4648  127 6
4651  6
4652  6
4656  6 1289
4657  236 1133
4659  23 324 1278 531
4660  6
4663  297
4664  286
4665  364
4666  913 748 156 36 1484
4667  271
4668  328
4669  6 117
4670  789
4671  22 1144
4672  1545
4673  6 1517
4674  453
4675  297
4676  23 1337 30 702
4677  286
4678  6
4679  6
4680  6
4681  453
4682  297
4683  6
4684  324
4686  6
4687  915
4688  453
4689  602
4690  6
4691  21
4693  117
4694  23
4695  520 1289
4696  872
4697  127
4698  244
4699  271
4700  6 31 74
4701  23 22 164
4702  286 6
4704  286
4707  6
4708  6
4709  6 21 246
4711  21
4712  31 1481 597
4713  328
4714  453
4715  21
4716  23
4717  22 421
4719  249 789
4720  22
4721  22 286
4722  6
4723  6
4724  297
4725  21
4726  6 21
4727  22 74 789
4728  6
4729  80
4730  6
4731  21
4732  1554
4733  127 6
4734  286
4735  6
4736  6 249
4737  286 6
4738  1555
4739  297 249
4740  1542
4741  520 1289
4742  271 1032
4743  297
4744  23
4745  453 1216
4746  23 701 1468
4747  701
4748  6
4750  453
4751  453
4752  21
4753  22 748
4754  23 22 748 6 21 25
4755  6
4756  453
4757  6 1349 117
4758  453
4759  6
4760  23 21 363 30 1556 244 792 816 1471
4761  23
4762  23 6 811
4764  1557
4765  6 297
4766  6
4767  6 117 39
4768  30 558
4769  6
4770  297
4771  6 872
4772  22 25
4773  249
4774  23 327 22 748 286 21
4776  6
4777  22 872
4778  23 327 22 286 6 21
4779  6
4780  164
4781  6
4782  74
4783  6
4784  1559
4785  1542
4786  23
4787  327 1216
4788  6 597
4789  6
4790  324
4791  23 21 1337 701
4792  6
4793  297
4794  23 6
4795  297
4797  271
4800  493
4801  291 6 984 664
4803  1560
4805  22
4806  364
4807  6
4808  1463
4810  6 30 1561
4811  6 21 1489
4812  453
4813  271
4815  453
4816  297
4817  21
4818  6
4819  6 169
4820  1141 246
4821  297
4822  1374
4823  23 286 21
4824  22 21
4825  6
4827  23 21 1337 701 702 1468 1469
4828  1307
4829  453
4830  1307
4831  6
4832  6 328
4833  6
4834  249
4835  6
4836  22 21 1522
4837  1368 271 240 1562
4838  23
4839  1563
4840  6
4841  127
4842  30
4844  277 6
4845  1133
4846  6 156 83
4847  324
4848  286 6
4849  453
4850  6
4851  6 74
4852  6 1379
4853  1368
4854  1514 953 240 328
4859  297
4860  249
4861  6
4862  127 1306
4863  6 169
4864  6 297 249 789 1564
4865  701
4866  453
4867  363 30
4868  103
4869  6
4871  6
4872  22
4873  6
4874  23 327
4875  6
4876  127 229
4877  324
4878  6
4879  21
4880  6
4881  324
4882  23 6 30
4883  1565 25
4884  164 991
4887  277 453
4888  117
4889  1252 169
4890  453
4891  6
4892  286 775
4893  324 388
4894  286
4895  277 164 1286
4896  6
4897  1077 634
4898  23 127 164 21 701
4899  23 6
4901  127
4902  6
4903  6
4904  6
4905  297
4906  103 6
4907  30
4909  23 1567 244
4910  189 25
4911  6
4912  23 21 156 82
4913  65
4914  164
4915  156 30
4916  6
4917  6
4918  6
4919  23 6 117
4920  23 6 229
4923  6
4924  6
4925  297
4926  1141
4927  6
4928  6
4929  23 6
4930  21
4931  1336
4932  872 1141
4933  23 6 324 169
4934  991
4935  127
4936  431 324
4937  6
4938  271
4939  286
4940  23
4941  6
4943  6
4944  6
4945  6
4947  6
4948  364 30
4950  324 450
4951  297 1325 870
4952  6
4953  25
4954  6
4955  291 511 1446 664
4956  328
4957  297
4958  189
4959  22 789
4961  21
4962  21 156
4963  6
4964  6
4965  6
4966  23 431 280
4967  6 21
4969  31 1255
4970  23 21
4971  1270 1385
4972  23 6
4973  22
4975  748
4976  21
4977  450
4979  127 21
4981  6
4982  22
4983  25
4984  188 186 185
4985  23 21 578 493 1447
4986  6 249
4987  23 324
4989  22
4990  6
4991  297
4992  913 431 1349
4993  23 6
4994  23 22 338 127 21 31
4995  25
4996  23 6 21 249 352 246 123
4997  189
4998  6
4999  21
5001  6
5002  6 30
5003  872 789
5005  6
5006  811
5007  23 6
5008  6 328
5009  6
5010  327 21
5011  328
5012  23
5013  286 6
5014  6 21 648
5015  324
5016  23
5017  22 6 21 992
5020  6 1446
5021  297
5022  6
5023  748 164
5025  21
5026  6
5027  189
5030  6
5032  22 6
5033  6
5035  6
5036  21 1468
5037  748
5038  1497
5039  6 169 388
5040  6 21
5041  1379
5042  6
5043  23
5044  6
5045  6
5046  324 31
5047  1527
5048  236 127 1307
5049  1255
5050  6 21
5051  1497
5052  22
5053  327 127
5054  6
5055  872
5056  453
5057  6
5059  6
5060  6 1568
5061  23 6 21
5062  23 1568
5063  6 1568
5064  6 1568
5065  6
5067  364
5068  23 431 6 297 992 229 0
5069  6
5070  6
5071  127
5072  36
5073  453
5074  6 992 31 30 169 761
5075  164
5076  6
5077  6 1499 297 187
5078  23 21
5079  6
5080  23 6
5081  25
5083  21
5087  6
5088  6
5089  23
5091  1569
5092  6
5093  6
5094  6
5095  6
5096  30 388
5097  23
5099  6
5100  286
5101  22
5102  22 283 1570
5103  1571
5104  23 236 6 438 1457 249 1567 352 1433 953 244
5105  1497
5106  297
5108  792
5109  23 6 1565
5110  1164
5111  286 1572
5112  6
5113  177 327 1549 164 283 1570 1573 701 653 74 490 1141 1574 1575 240
5114  6
5115  1576
5116  189
5120  6
5121  6
5123  277 6
5124  22
5125  21 1488 1489 1469
5126  6
5127  23 6 297 324
5128  6
5129  297
5130  6
5131  6
5132  23 21
5133  22 286 1368
5134  6
5135  23 6
5137  6
5138  327 21
5140  103
5141  597
5142  6
5143  6
5144  328
5145  1497
5146  703
5148  324 1446 117
5150  453
5151  6
5152  992
5153  6 1331 280
5154  103 6
5155  6
5156  453
5157  1574
5158  156 701
5159  748
5160  283 1481 597
5161  23 327 748
5162  271
5163  453
5164  6 1463
5166  21
5167  1133
5168  22 286 21 240
5169  1141
5171  1565
5172  6
5173  22
5174  6
5175  177 327 127 1549 164 283 1570 1573 1358 653 74 490 1574
5176  6
5177  328
5178  6
5179  6
5181  6 0
5185  25 1440
5186  1349 1561
5188  23
5189  22
5190  6
5191  6
5192  6
5193  6
5194  286 872 789
5195  327 21 701
5196  127 6 1278
5197  6
5200  6 1579 30
5201  25
5202  23 177 277 748 286 127 6 164 21 189 187 249 74
5205  6
5206  1497
5207  6
5208  6
5210  30
5211  23 244
5213  297 25
5214  23 913 1329
5215  21
5217  328
5218  21 1481
5219  6
5220  6 249 169
5221  23 21 74 229
5222  30
5223  327
5224  297
5225  21
5226  169
5228  1542
5229  328
5230  450
5232  297
5233  23
5234  1027 1164
5236  21 702
5237  1497
5240  6
5241  6
5242  23 25
5243  1554
5244  6 0
5246  6 1434
5247  297
5248  6
5249  6
5251  6
5252  453
5254  748 328
5256  6
5257  453 991
5258  6
5259  6
5260  578
5261  23 21 1337 789
5262  1545 872
5263  1565
5264  991
5265  453 240
5266  277 1433
5268  22 6
5269  23
5272  6
5273  1565 585
5274  6
5275  6
5276  6 21 1379 1133 169
5277  6
5278  164
5279  453
5280  286 31
5281  6 449
5282  6 648
5284  6
5285  1554
5287  23
5288  127 6
5289  6
5290  22 286
5291  164 991
5292  6
5294  6
5295  913 6
5297  6
5298  6
5299  6
5301  23
5302  6 872
5303  6
5304  30
5305  22 286
5306  31
5307  6
5308  1527
5309  6
5310  1528 748 1582 328
5311  6
5313  453
5314  1583
5315  169
5316  22 286 6
5317  6
5318  6 648
5319  21 156
5320  23 21
5321  23
5322  22 6 30
5323  1542
5325  1497
5326  23
5327  23
5328  6 648
5329  748
5330  6 297
5331  22
5333  22 286
5334  6 21
5335  127
5336  789
5337  177 327
5338  177
5340  6
5341  6
5342  6
5343  6
5344  453
5345  6
5346  22
5347  6 21
5349  6
5350  127
5351  6
5352  1433
5353  6
5354  1584
5355  324 352
5356  23 21 1489
5357  748 1514 25
5358  748 127 164 1259
5359  1556
5360  177 748
5362  286
5363  453
5364  6
5365  6
5366  1309
5367  6 74
5368  1309
5369  6
5370  23 327 21
5371  23 6
5372  453
5373  1501
5375  453
5378  1497
5380  22 21
5382  25
5383  453
5385  80 291 286 984 915 74 1452
5386  872
5387  453 919
5389  22
5390  6 25
5391  6
5392  1585 597
5393  6 21
5394  6
5395  21
5396  453 578
5397  6
5398  286
5399  6
5400  23 21
5402  6 117 1579 169 761
5403  919
5404  6
5405  74
5406  1433
5407  6 449
5408  6
5409  6
5411  30
5412  6 648 1417
5413  164 1348 1337 701 953
5414  6
5415  297
5416  22
5418  21
5419  6
5421  286 789
5422  6
5423  127 6
5424  6
5425  6
5426  21
5427  6
5429  453
5430  872
5431  25
5432  6 1561
5433  6 992
5434  22 490 25 491 694
5437  23
5438  324
5440  297
5442  21 1337 1488
5443  327 22 748 286 1368 21 1337 1573 653 1544 490
5444  453
5445  22
5447  21 65 872
5448  23
5449  6
5450  6
5451  286 364
5452  453
5453  23 22 21
5454  6
5455  6
5456  328
5458  21
5459  286 6
5460  453
5461  453
5463  872
5464  992
5465  23 30 25
5466  1545 872
5467  6
5468  297
5469  1584
5470  872
5471  6
5472  6 297
5473  23
5474  21
5477  1520
5478  164
5480  164
5482  21
5483  22 65
5485  6 1561
5487  648
5488  453
5489  22 21
5490  872
5491  23
5492  6
5493  735
5494  23 6 21
5495  23 6
5496  992 703
5497  286 1278
5498  6
5499  23 324
5500  6
5501  6
5502  6
5503  1587
5504  189
5505  6
5507  297
5508  286
5509  73
5510  453 991
5511  80 22 286 249 1589 1336
5513  22 156
5514  1569
5515  1568
5518  6
5521  6
5522  6
5523  6
5524  6 648
5525  6 117 550 229
5526  6
5527  6 511
5528  6
5529  23
5531  1447
5532  169
5533  6 21
5534  6
5535  6
5536  1584
5538  6
5539  1527
5540  6 1561
5541  6
5542  1545
5543  164 1337 1286 701 1457 1270 702 1590 934
5544  1447
5545  286 189
5546  748
5547  6
5548  453 388
5549  1591 992
5550  6
5551  23
5552  6
5553  30
5554  6
5555  127 453
5557  6
5559  6
5560  6
5561  6
5562  913 127
5565  31
5566  21
5567  324
5569  992
5570  6 31
5571  6
5572  453
5573  6
5574  1368 453
5575  6
5576  6 169
5579  1527
5580  6 597 1367
5581  21
5582  6 648
5583  872
5585  6 297
5586  271
5587  23 6 21 648
5588  6
5589  164
5591  6
5592  286
5593  23 6 117
5594  6
5595  127 164
5596  701 872
5597  286
5598  6
5599  23 327 156
5600  6
5601  6
5602  6
5603  1522
5605  6
5606  6
5607  23 22 431 6 1133 39 1207
5608  6
5609  23
5610  6
5611  22 286 271
5612  872 811
5614  127
5615  6
5616  21
5617  6
5618  21
5620  271
5621  1593
5623  6 117
5625  6
5626  6
5627  23
5629  23
5630  22 6
5631  1581
5633  6 511 1446
5634  286
5635  6
5637  23 6 21 117 74
5638  31
5639  327
5641  453 648
5642  6
5643  6 297 648 388
5644  6
5645  297
5647  872
5648  748 164
5650  21
5651  6
5653  6
5654  872 811
5655  748 1216
5656  6 992
5657  6
5658  6
5659  6
5660  22 1416
5661  23 324 21
5662  352
5663  6
5664  21 1337 1489
5666  6
5667  6
5668  65 872
5669  23 913 6
5670  1349 1446 117 388
5671  6
5672  453
5673  453 1379
5674  6
5675  748
5677  6 648 1133
5678  6
5679  6
5680  23
5681  6
5682  23 872
5683  6
5684  6 21
5685  164 701
5687  164 1594
5688  21
5691  23
5692  156 65
5693  6
5694  6
5695  6
5696  23 6
5697  23 6 164
5699  6
5700  324
5701  249 789
5702  6
5703  6
5704  6
5705  6
5706  648
5707  6
5708  164 453
5709  6
5710  6
5711  6
5712  880 872 934
5714  490
5715  6
5716  6
5717  6
5718  23
5719  6
5720  6
5721  6
5722  915
5723  6 1572
5724  6
5725  6
5726  6
5727  453 65
5728  6
5729  1594
5730  21
5733  6
5734  6 648 992
5735  23
5737  6
5738  324
5740  6
5742  6
5743  453
5744  6
5745  6
5746  21
5747  6 21
5748  1594
5749  164 1368 701
5750  249 789
5751  23 6 117
5752  80 6 449 21 74 169 952 1595 246 1147 491
5754  6
5755  6
5757  23
5759  6
5760  431 324 880 1545 31
5762  22
5763  23
5764  1594
5765  6 21
5766  6
5768  6
5769  6 169
5770  21
5771  6
5772  6
5773  453
5774  6
5775  6
5776  22
5777  6
5780  761
5781  6
5782  6
5785  6
5786  453
5788  6
5789  6
5790  6
5791  6
5792  6
5794  21
5795  327 22 21 1337
5796  6
5797  186
5798  6
5799  6 21
5801  6
5802  6
5805  6
5806  6
5808  6
5809  23 748 1596
5810  6
5811  23 6
5812  6
5813  748 1594
5814  1594
5815  283
5816  913 6 1278 992
5817  23
5818  6 449
5819  6
5820  22
5821  6
5823  6
5824  127 189
5825  23
5826  6
5827  6 1481
5828  6 648
5829  6
5832  6
5833  127 701
5834  6
5835  6
5836  297
5837  6
5838  6
5839  6
5840  6
5842  6
5843  1241
5844  6 324
5845  1150
5846  453
5847  6
5848  324
5849  23
5850  6 648
5851  22
5853  23 6
5854  6
5855  453
5856  748
5857  23
5859  297
5860  22
5861  22
5862  23
5863  6
5864  6
5865  6
5866  6
5868  6
5869  6
5870  6
5871  6 1361
5872  6
5873  6
5874  6
5875  6
5877  6
5878  1594
5879  286
5881  453
5882  880 872
5883  23
5884  6
5885  748
5886  6
5887  6
5888  6 297 324
5889  22 6 648
5890  22 1565
5892  23
5894  324
5895  271
5896  6 648
5897  6
5898  453
5899  6 1591
5900  6
5901  286 31 169
5902  23 748 297 1576 648 991
5903  324
5904  6
5905  164 453
5907  6 992
5908  286
5909  6
5910  6
5911  453
5912  21
5913  6
5914  297
5915  6 324
5916  6
5918  127 164
5919  21
5920  1594
5921  6
5922  913 453 1598 31
5924  6
5925  23 913 297 164 992 1270
5926  6
5927  23
5928  648
5929  23 748
5930  6
5931  6
5932  271
5933  6 449 1434
5934  6
5935  6
5936  6
5937  277 31
5938  6
5939  23 653
5940  127 164
5941  22
5942  6
5943  1150
5944  6
5945  23
5947  23
5948  22
5949  23 177 277 6 164
5950  236
5951  896
5952  6
5953  23 913 324
5956  23
5958  6
5959  127 6
5960  6
5962  913 6
5963  6
5964  6
5965  22 286 6
5966  6
5967  6
5968  127
5969  6
5970  21
5971  6
5972  6
5973  23
5974  22
5975  6
5977  22
5978  6
5980  22
5981  1501
5982  1286
5983  177 271
5985  453
5987  6 1418
5988  6
5989  286 6 648
5990  6
5991  6
5992  1549
5993  6 449
5994  23 236 648 117
5995  6 1482
5997  80
5998  453
5999  236 6
6000  6
6001  6
6002  327 127 1599 1594
6003  324 1433
6004  748 1565
6005  6 1576
6006  22
6007  6
6008  23 1600 896
6009  6
6011  23 327 1320
6012  6
6013  324
6014  156 65 1601
6015  992
6017  6
6018  6
6019  22
6021  22 286
6022  6
6023  6
6024  23 6 1198
6026  6
6027  6
6028  992
6030  6
6031  327 127 1599
6032  22
6033  127 6
6034  453
6035  23 1511
6037  6
6038  6
6039  453
6041  6
6042  23
6044  6
6046  6
6048  738 327 748 127 164 1602
6049  23
6051  23
6052  453
6053  6
6054  22
6055  23 22 21 156
6056  6
6057  6
6060  6
6061  6
6062  23
6063  23
6065  324 164
6066  6
6067  6
6068  6
6069  286 1368
6070  23
6071  648 1603
6072  6
6075  6
6076  6 324
6078  6
6079  6 449
6080  6
6082  277
6083  453
6084  6
6086  748
6087  6
6088  6
6089  992
6090  6
6093  23 6 21
6094  23 6 872
6095  6
6096  23 156 1605
6097  286
6098  6
6099  6
6101  6
6102  6
6103  6
6104  6
6105  6
6106  22 748 6 449 648 1434
6107  6
6108  701
6109  164
6110  6
6111  6
6112  23
6113  6
6114  453
6115  23
6116  991
6117  23
6118  6 388
6120  6
6121  6
6122  6
6123  6 449
6124  22
6125  127
6126  6
6128  6
6129  6
6130  6
6131  23 22 748
6134  6 324 449 1434
6135  6 648
6136  22 164
6137  23 701 1567 1535
6138  6
6139  127 164 166
6140  23
6141  23
6142  23 22 748 286 164 1508 1602
6144  6
6145  6
6146  6
6147  6
6149  913 22 748
6150  22
6151  22
6152  6
6154  453 438
6155  286 6
6156  23 934
6158  6
6159  22
6160  453 1544
6161  23
6162  22
6163  6
6164  22
6165  6
6166  127 1337 701 1270 1594
6167  286
6168  6
6170  6
6171  6
6173  6
6174  23 22 748
6176  23 103 327 22 748 286 1570 21 1446 701
6177  6
6178  22
6179  6
6180  22
6182  6
6184  6
6185  6
6186  286
6187  23 327 748 164 1286
6188  6
6189  6
6190  166
6192  1579
6193  6
6194  23
6196  23
6197  6
6198  6 648
6199  6
6201  23 748 1457
6202  6
6203  324
6204  6
6205  23
6206  6
6208  6
6209  6
6210  6
6211  23
6212  431
6213  6
6214  453
6216  6
6217  6
6219  297
6220  6
6221  6
6222  6
6223  6
6224  6
6225  6
6227  748 6
6228  6
6230  648
6231  431
6232  6 189
6233  286 324
6236  23
6237  22
6238  80 1606
6239  6 531
6240  6
6241  1286
6242  6
6243  6
6244  6
6245  6
6246  913 431 164 1349 453
6247  6
6248  324
6249  22 283 271
6250  6
6251  6
6253  1482
6254  6
6255  22
6256  6
6257  1286
6258  22 166
6259  6 117
6260  6
6261  127 164
6262  6
6263  6
6264  6
6265  6
6266  1598
6267  6
6268  22
6269  277 6
6270  6
6271  6
6272  6
6274  291 984 664
6275  6
6276  6
6277  6
6278  6
6280  6
6281  23 127 6
6282  291 6 648
6283  6
6285  6 21
6286  6 297 72 735
6287  6 324
6288  297
6289  6
6290  6
6291  6
6292  6
6293  6 648
6294  6
6295  6
6296  188
6297  6
6298  22 453
6300  6
6301  6
6302  6
6303  6
6304  23 324
6306  6
6309  6
6310  277 6
6311  117
6312  6
6313  236 6
6314  23
6315  23 6 117
6316  23 327 22 21 82
6317  22 1416 1157 545
6320  6
6321  6
6322  156
6323  286
6324  6
6325  6
6326  286
6327  324 648
6328  6
6329  748
6330  324 648
6331  531
6332  286
6334  6
6335  6
6336  6 896
6337  6
6338  6
6339  6 648
6340  23 748
6341  748
6343  6
6344  164
6347  22 286
6348  6
6349  6
6350  6
6351  6
6352  913 156
6353  6
6354  23 324
6355  23
6356  22 748
6357  6
6358  1499
6359  6
6360  6 364
6361  6
6362  6
6363  6
6364  6
6365  748
6366  6
6367  6
6369  23 748 6 283 1446
6370  6
6371  913 297
6372  6
6375  6
6376  6
6377  1446 992
6378  6
6380  22
6381  6
6383  324
