1 1
2 2
3 2
4 3
5 4
6 5
7 2
8 6
9 7
10 8
11 2
12 2
13 2
14 9
15 10
16 2
17 11
18 12
19 2
20 13
21 2
22 2
23 2
24 14
25 15
26 16 17
27 2
28 11
29 2
30 18
31 19 20
32 21
33 22
34 23
35 2
36 2
37 2
38 18
39 24
40 25 26
41 11
42 2
43 11
44 27
45 28
46 2
47 29
48 30
49 7 18
50 11
51 2
52 11
53 2
54 2
55 19 22 26 32
56 7
57 11
58 2
59 33
60 11
61 2
62 34
63 35
64 2
65 11
66 2
67 36
68 19 31
69 2
70 2
71 36
72 38
73 11
74 39
75 37 40
76 19
77 2
78 36
79 2
80 11
81 38
82 41 42 43 44
83 38
84 19
85 45
86 36
87 46
88 2
89 47
90 16
91 48
92 19 20
93 38
94 49
95 36
96 7 31 50
97 3
98 51
99 22 52
100 39
101 38
102 53
103 7
104 54
105 55
106 36
107 18
108 56
109 38
110 57
111 37
112 7
113 58
114 7
115 58
116 59
117 31
118 58
119 60 61
120 26 62 63
121 65 66
122 58
123 7 53
124 69 70
125 58
126 62
127 71
128 7
129 58
130 17
131 42 73
132 58
133 7 74 75
134 76 77
135 7
136 45
137 78
138 79
139 80 81
140 83 84 85
141 86 87 88
142 89
143 10
144 90
145 22 91
146 7 92 93
147 3 10
148 94
149 10
150 75
151 69
152 10
153 2 95
154 13
155 45 96
156 7
157 38
158 38
159 97
160 58 98
161 26
162 99
163 100
164 37
165 101
166 102
167 103
168 104
169 95
170 105
171 106
172 7 107 108 109
173 107
174 110
175 111
176 112
177 7
178 58
179 38
180 7
181 58 113
182 114 115
183 7 116
184 58
185 38
186 117
187 17
188 118 119
189 58
190 7
191 58
192 120
193 26
194 58
195 10 121
196 10
197 58
198 123 124
199 125 126
200 58 67
201 42
202 127
203 128
204 111 129 130 132
205 3 133
206 58 133 134
207 135
208 72 136
209 58
210 7 138
211 139
212 42 140
213 141
214 31 65 142 143
215 58
216 64
217 145 146
218 140
219 58
220 147
221 149
222 7 150
223 7
224 7 75 151 152
225 153 154 156
226 83 157
227 26
228 158
229 159
230 22 161 162 163
231 164
232 22 157
233 165 167
234 168
235 52
236 168
237 12
238 169
239 31 37 170
240 58 133 171 172
241 173
242 22 26
243 31
244 58 67 174 175
245 7 26 176 178
246 179
247 3 180
248 181
249 86 183 184
250 26 31 185 186 187 188 189 190
251 191
252 192
253 185
254 45
255 193
256 194
257 195
258 196
259 26 197
260 198 199
261 200
262 201
263 52
264 58 67 133 172 203
265 26 31 58 164
266 22 204
267 205 206 207 208 209 210 211
268 7 212
269 53
270 213
271 52
272 214
273 18
274 214
275 215
276 216
277 217
278 218
279 219
280 220
281 174
282 23 221 222 223
283 10 26 37 224
284 225
285 219
286 226
287 9 22 227
288 228
289 44
290 7 44 128 150 230
291 231
292 22 128 162 198 232
293 233
294 137
295 234 235
296 236
297 7 237
298 238
299 239
300 1 7 9 240 241
301 242 244
302 24 31 81 245
303 246
304 1 3 16 31 53 75 247 248 250 251
305 18 26 31 252
306 22
307 253 254 255 256 257
308 253 254
309 253 254
310 168
311 258
312 72
313 229 259
314 255
315 23
316 262
317 22 24 75 263
318 259
319 7 26 154 264
320 265
321 266
322 85
323 76 244
324 267
325 268
326 266
327 22 124 166 269 270 271
328 194
329 8
330 194
331 272
332 273
333 85 157 163
334 194
335 43
336 274
337 276
338 163
339 267
340 162
341 277
342 7 16
343 10
344 58 278 279
345 24 26 150 156
346 52 148 164
347 7 150
348 26 31 58 174
349 280
350 45
351 282 283
352 226
353 284 285
354 287 288 289
355 290
356 291
357 23 287 292 293 294
358 296
359 297
360 299
361 23 26 31 144 223 300 301
362 303
363 304
364 305 307
365 299
366 253
367 31 128 237 308 309 310
368 61
369 85 311
370 312
371 91 313 314 315 318 319 320
372 321
373 322
374 323
375 45
376 293
377 324
378 7
379 25
380 107
381 85
382 166 327
383 24 26 330
384 7 24
385 332
386 26 31 333
387 17 334
388 335
389 23 272 287 336
390 337
391 128
392 338
393 26 31 37 144 156 339
394 7 144 237 249 341 342 343
395 17 344
396 164
397 346
398 7 24 26 31
399 347
400 100
401 348
402 7
403 349
404 282
405 258
406 350
407 22
408 7
409 351
410 7
411 352
412 1
413 237
414 237
415 22 23 353
416 21
417 354
418 355
419 356
420 7 40 87 137
421 293
422 42
423 258
424 357
425 104
426 359
427 23 295 360 361 362
428 157 363
429 365
430 26 31 144 164 366 368
431 359
432 1 239 251
433 22 65 142 370 371
434 370
435 11
436 31 144 366 367 369
437 372
438 289
439 227 240
440 31 373 374
441 64
442 375
443 111
444 376
445 2
446 286
447 377
448 11
449 11
450 107
451 1 7 31 150 378
452 289
453 16 40 42 230
454 11
455 299 379
456 11
457 11
458 53
459 115
460 299
461 11
462 11
463 11
464 11
465 23 87
466 380 381 384 385 386
467 115
468 11
469 11
470 11
471 11
472 11
473 11
474 11
475 11
476 387
477 52
478 388
479 7 74 75
480 53
481 390
482 7
483 31 252
484 391
485 392
486 31 42 100 157 258 393 394 395 396 398 399 401 403
487 7
488 11
489 11
490 405
491 11
492 11
493 11
494 11
495 11
496 11
497 406
498 11
499 407
500 408
501 409
502 61
503 7 410
504 411
505 412
506 26 31 53 61
507 365
508 413
509 11
510 415
511 7 416
512 383 384 418
513 419 420
514 421
515 11
516 7 422
517 18
518 423
519 424
520 32 425 426
521 427
522 384 428
523 2
524 299 429
525 430
526 431
527 432
528 7
529 421 434 435
530 45
531 437
532 438
533 431
534 74 75
535 153 303
536 439
537 440
538 7 65
539 441
540 31 373
541 442
542 7 75 148
543 443 444
544 7
545 24 445
546 446
547 7
548 223
549 7
550 447 448
551 7
552 1 389 449 450 451 452 453
553 11
554 7
555 454 455 456
556 3
557 7 18 24
558 457
559 7
560 457 458
561 3
562 7 26
563 3
564 11
565 7
566 459
567 293 460
568 11
569 377
570 22 31 83 84 157 162 228 461
571 23 25 462
572 463
573 129 250 465 466 467 468 469 471 472
574 23
575 7
576 249
577 7
578 198
579 473 474
580 475
581 18 26 31 144
582 23 324
583 476
584 338
585 30 365 478
586 479
587 23 480
588 7
589 26
590 26 157
591 377
592 164
593 481
594 40 482
595 9
596 9 25 344
597 7
598 484 485 486
599 487
600 488
601 490
602 440
603 7
604 440
605 22 157 373
606 7
607 491
608 494
609 494
610 7 480
611 495 496
612 497
613 498 499 500 501 502
614 504 505
615 23 295 360 361 506
616 507 508
617 509
618 510
619 19
620 512
621 509
622 293 513
623 22 456
624 24 31 170 245 373 514 515 516 517 518
625 7
626 519
627 520
628 24 41 128 347 521
629 37 144 438
630 523
631 7
632 63
633 7 53
634 22
635 524
636 118
637 7 152
638 525
639 97
640 104
641 7
642 7 230
643 526
644 31 527
645 37
646 7
647 164
648 388
649 22 23 26
650 145 528
651 7 75 137 223 287 529 530
652 409
653 11
654 7
655 80
656 531
657 532 533 534
658 97 104 118 535
659 11
660 31 53
661 536
662 7 150
663 537 538
664 26 31 37 466
665 22 157
666 422
667 288
668 539
669 7
670 7
671 7
672 148 365 442 540 541 542
673 50
674 11
675 157
676 234 235 543
677 11
678 544 545
679 64
680 7
681 519
682 104
683 7 22 31 53
684 7
685 26
686 7 26
687 7 124
688 7 31 113 212 342 464 547 548
689 64
690 549
691 18
692 550
693 58 67 171 552
694 64
695 11
696 24 26 43 53 553 554 555 556
697 18 22 166 438
698 488 489
699 11
700 558
701 303
702 26 227 322
703 26 31 559
704 560 561
705 11
706 228 461
707 26 562
708 563
709 163 565
710 80 463 566
711 146 331 567
712 568 569
713 293
714 52 571 572
715 7
716 162
717 7
718 26 324
719 573
720 11
721 11
722 574
723 575
724 24 80 344 576
725 557 578
726 31 75 249 480 579 580 581
727 582
728 18
729 173 480 581 583
730 310 347 584
731 7 100 585
732 7
733 11
734 250 586 587
735 173 293 588
736 80 589
737 56
738 43
739 11
740 590
741 7
742 18 252
743 40
744 591
745 223 336
746 7 137 326 592
747 3 50
748 26
749 287 336
750 7 40 137 410
751 593
752 377
753 11
754 31
755 1 594
756 388
757 7 152
758 11
759 22
760 595
761 11
762 243
763 341 594 596
764 597
765 237
766 152 598 599 600
767 22 26 601
768 7
769 602
770 50
771 7 152
772 377
773 7 104
774 7 24
775 603
776 18
777 410
778 604 606 607
779 26
780 608
781 11
782 26 37 252 610
783 7
784 104
785 611
786 11
787 338
788 104
789 82
790 76
791 481 613
792 443 614
793 563
794 18
795 18
796 11
797 234 543
798 84
799 53
800 615
801 53 118 124 616
802 22 157 296 514 568
803 617 619
804 11 250 620 621
805 7 16 239 410 623
806 26
807 100 449
808 11
809 7
810 26
811 40 76 191 249 341 351 625
812 22 31 157 565
813 338
814 26 31 37 252
815 11
816 11
817 7 31
818 384 626 627 628
819 629
820 7 22 26 61 137 144 166 170 178 249 326 631
821 377
822 632
823 163
824 7
825 632
826 7
827 22
828 11
829 633
830 456
831 360 361
832 11
833 7
834 45
835 285 370 634
836 23
837 26 31
838 247
839 22 31 166
840 635
841 7 636
842 31
843 104
844 104
845 50
846 637 638
847 7
848 422 440 640
849 373 641
850 7
851 285
852 642
853 23 491
854 643
855 26
856 278
857 642
858 242
859 26
860 164
861 22 31
862 644
863 7
864 645 646 647
865 148
866 53 648
867 22 204
868 7 50
869 26
870 7 150 650
871 7 651
872 11
873 347 650
874 388
875 11
876 652
877 303
878 142 565
879 652
880 303 383 417 653
881 7 16
882 303 383
883 577
884 7
885 654
886 46 83 84 565 568
887 7 26 69 178 656 657
888 303
889 7
890 658
891 22 157
892 382 383 384 428 653 659 660 661 662 663 664
893 23 173 287 542 667 668 670 671
894 672
895 95 673 674
896 640
897 22 26 72 524 557 584 675
898 677
899 7
900 26 61
901 95
902 84
903 678
904 7 26
905 239 374 679 680
906 223 287
907 11
908 104
909 22 128
910 682
911 173 287 293 294 683 684
912 685
913 22 686
914 53 104 373 573
915 687
916 22 249 688 689 690 691
917 7
918 24
919 693
920 204 694
921 594
922 17 72
923 272 336 695 696
924 40 373 641
925 697
926 11
927 31 698 699
928 652 700
929 82
930 594
931 95 701
932 7 95 128 148 165 221 245 308 325 363 422 702 703 704 706 707 708 709
933 524
934 26
935 7
936 9
937 30 52 164 250 344 364 365 620 710 711 712 713 715
938 18 31
939 716
940 717
941 17
942 437
943 717
944 31 699
945 11
946 148 364 656 706 719 720
947 18
948 11
949 11
950 11
951 721
952 594
953 11
954 11
955 173 293 294 722
956 104
957 724
958 7 726
959 11
960 373 699
961 11
962 585 727
963 728
964 729
965 23 87 491
966 480
967 22 46 83
968 61
969 7 152 450 731
970 324 732 733
971 7 137 410
972 735
973 7 22 100 736 738
974 18
975 100
976 727 739 740 741
977 11
978 437
979 53 688
980 11
981 437
982 742 743
983 730
984 11
985 84 157
986 743
987 26
988 744
989 11
990 494
991 11
992 221
993 18 530
994 22 157 746
995 747
996 748
997 17 620
998 26 31 252 749
999 695
1000 145
1001 751
1002 9 227
1003 752
1004 753
1005 31
1006 752 754
1007 22 31
1008 22 466
1009 755
1010 11
1011 84 85 157 568 756
1012 7
1013 7
1014 18
1015 620
1016 26 31 641 757
1017 17 53
1018 7
1019 7
1020 18
1021 7 724
1022 24
1023 388
1024 145
1025 40 494
1026 7 150 758 759
1027 32 365 707 760
1028 80
1029 761
1030 40 92 762
1031 763
1032 18 22 26 162
1033 463
1034 212
1035 7
1036 7
1037 11
1038 288
1039 764
1040 629
1041 26
1042 22
1043 7
1044 26
1045 410
1046 7
1047 24 31 245 250 719 766 767 768 769 770
1048 771
1049 60 752 754
1050 22
1051 53 118
1052 613
1053 104
1054 31 757
1055 686
1056 730
1057 24 124 422
1058 7
1059 26 639 772
1060 7
1061 7 773
1062 482
1063 53 774
1064 17 344
1065 75 775 776 777 778
1066 7
1067 81
1068 26
1069 31 144
1070 373 641 699
1071 7
1072 157 227
1073 779 780
1074 755
1075 781 782 783
1076 7
1077 124
1078 784
1079 26 31 620
1080 23 31 373
1081 53
1082 23
1083 785 786 787 788
1084 26 31 50 53
1085 26 31 790
1086 792
1087 388
1088 312 724
1089 724
1090 11
1091 11
1092 26 198 265 487 507 565 793 794 795 796 797 798 799 801 802 805 806 807
1093 11
1094 11
1095 808
1096 730
1097 7 26 31 37 144 249 450 544
1098 26
1099 7
1100 482 809
1101 438
1102 250
1103 26
1104 688 811
1105 40
1106 247
1107 26 507 812
1108 813
1109 620
1110 37 61
1111 815
1112 774
1113 17
1114 26 31
1115 26 816
1116 817 819
1117 17 26
1118 17
1119 17 22 157 820 821 822
1120 104 535 673 823
1121 824
1122 730
1123 4
1124 7
1125 825
1126 26 144 524 826
1127 440
1128 724
1129 12
1130 22
1131 7 31
1132 22
1133 827
1134 226
1135 753
1136 118 230 624 747
1137 7 137
1138 37 790 828
1139 594 829
1140 7
1141 579 620
1142 7
1143 18 22 26 31 124 373 831 832 833 835 836 837
1144 157 838
1145 509
1146 839
1147 8 159 840 841 842 843 844 845 846 847
1148 26
1149 7 22 245 324 639 730 848
1150 813
1151 32 559 685 707 760 849 850
1152 22
1153 250 373 494 790 851 852
1154 7 853
1155 7 17 61 152
1156 18
1157 7 74 152 854
1158 377
1159 24
1160 128 856
1161 97
1162 128 353
1163 7 326
1164 227
1165 410
1166 22 857
1167 26
1168 85 157
1169 858
1170 26 31
1171 32 52 53 148 365 757 760 817 860
1172 237 861 862
1173 813
1174 813
1175 243
1176 813
1177 272
1178 7 74 75
1179 26 639 688
1180 18 291
1181 26 790
1182 64
1183 9 22
1184 639 863
1185 22
1186 482
1187 252
1188 26 94 223 336 373 707 864
1189 26 104
1190 7
1191 736
1192 293 294 867
1193 7 26 152 474 827
1194 22 24 26 31
1195 22
1196 83 124 868
1197 869
1198 166 324
1199 22 26 156 287 699 870
1200 600 871
1201 17
1202 31
1203 7 872
1204 7 699 760 874
1205 26
1206 7 26 40
1207 7 74
1208 875
1209 7 40 152 309 410 559 603 760
1210 482
1211 440
1212 7 137 624
1213 876
1214 22
1215 22
1216 22
1217 7 877
1218 227
1219 17 111 620
1220 878
1221 7
1222 7 373
1223 26
1224 26
1225 26 128 166 250 287
1226 31 373 699 879
1227 347
1228 1 880
1229 881 882
1230 145
1231 352 883
1232 26 31 53 466 794 797 884 885
1233 7 31 85 157 373
1234 7 22 24 26 31
1235 18
1236 883
1237 887
1238 724
1239 148 250 364 719
1240 7 53 152 269 482 877 888
1241 338
1242 889
1243 7 887
1244 17
1245 50 482 699
1246 26
1247 509 875 890
1248 7 31 614
1249 456
1250 95 166 831 891
1251 31
1252 22 157
1253 24
1254 23 261 491 893 894 895
1255 530 877
1256 26 250 790 896
1257 17 31 344 389 790 865
1258 18 22 24 228 830 897 898 899 900 901 902 903
1259 7 26 904
1260 17 31 344
1261 7 22 26 95 124 137 230 482 906
1262 875
1263 26 95 150
1264 23 361
1265 69 907
1266 876
1267 908 909
1268 907
1269 910
1270 309 752
1271 700 911
1272 22 250 461 464 548 565 912 913
1273 466 804
1274 7 31 373 398 487 914
1275 162
1276 22 83 128 157 559
1277 915
1278 31
1279 53 620
1280 916
1281 37 53 917 918
1282 401
1283 250
1284 24
1285 7 919
1286 7
1287 7 40 156 322
1288 7 22
1289 145
1290 530
1291 920
1292 26 31 178 329 456
1293 882
1294 31 53 80 760
1295 524
1296 875
1297 7 921
1298 26
1299 31 301
1300 813
1301 7
1302 620
1303 923
1304 272
1305 257
1306 75 339 489
1307 1 924
1308 43
1309 22 166
1310 890
1311 752 754
1312 926
1313 7
1314 81 653 762 776 928 929 932
1315 22 26 926
1316 7
1317 24 373
1318 7
1319 152 245 326
1320 189
1321 17 933
1322 166 324
1323 934
1324 459
1325 22 166 936
1326 22 26 31 166
1327 26 309 326
1328 18
1329 37 53 875
1330 24 26
1331 22 83 84 157 730
1332 7 26 373
1333 7 887
1334 7
1335 7
1336 17 620 937
1337 22 820
1338 31
1339 22 353 708
1340 31
1341 7
1342 938
1343 752
1344 17 60
1345 165 166 940
1346 22
1347 53
1348 165 166
1349 813
1350 165 940
1351 802 941
1352 752
1353 942
1354 943
1355 7
1356 17 620
1357 599
1358 26 347
1359 18
1360 80
1361 137
1362 18 22 31 144 252 373 438 641 699
1363 7 946
1364 7 75 137 699
1365 145
1366 7 124 145 230
1367 157 947
1368 145
1369 948
1370 104
1371 295
1372 949
1373 85 401 950
1374 7 951
1375 22 157
1376 7 952
1377 162 438 838
1378 22
1379 685
1380 26
1381 344 401 860
1382 24 31 557
1383 124
1384 60 754
1385 85 157
1386 162
1387 953 954
1388 26 31 40
1389 438
1390 7
1391 401
1392 83 84 124 157 278 373 753
1393 162
1394 956
1395 291
1396 957
1397 7
1398 84 85 124 601 958
1399 26
1400 166
1401 17
1402 17 43
1403 31 173
1404 157
1405 18
1406 7 959 961
1407 623
1408 26
1409 754
1410 166
1411 24
1412 7 22 24 26
1413 752
1414 162
1415 7
1416 269
1417 918 963
1418 717
1419 964 967
1420 9 64
1421 128 968
1422 401
1423 124
1424 969 970
1425 568
1426 971
1427 26
1428 31
1429 37
1430 1 7 422 649 972
1431 26 80 688 699
1432 16
1433 22
1434 7 53
1435 24 31 730
1436 774
1437 7
1438 145
1439 22
1440 7
1441 145
1442 401
1443 401
1444 145
1445 973
1446 926
1447 53
1448 974
1449 53
1450 22 26 826
1451 26
1452 22 162 228 699 975
1453 40
1454 870
1455 509
1456 23 361 491 492 493
1457 976
1458 959 960
1459 7
1460 7 26 975
1461 979
1462 7
1463 7 230
1464 7 410
1465 22 221 245 339 817 818
1466 288 758
1467 17
1468 26
1469 26
1470 84 401 753
1471 22 568
1472 17 31 620
1473 980
1474 640
1475 22 309
1476 7 26 144 641
1477 982
1478 983
1479 118
1480 7 145
1481 26 620
1482 466
1483 7 22 24
1484 26
1485 26 53
1486 482
1487 984
1488 31
1489 285
1490 26 985
1491 7
1492 26
1493 696
1494 987
1495 7 326 407
1496 22 31 373 378 983 988
1497 9 22
1498 18 31 53
1499 987
1500 152
1501 121
1502 7 16 22 137 326 529 631 989
1503 7 250 309 600
1504 990
1505 22 137 150 230 600 624 991
1506 18 291
1507 439
1508 18
1509 231 640 992
1510 1 7 137 474
1511 7 600
1512 31 373
1513 17 790 994
1514 7 145
1515 7
1516 7 53 309
1517 9 64 482
1518 26 31 53 150 157 166 432 452 827 996 997 998 999 1000 1001
1519 31
1520 1003
1521 982
1522 982
1523 1004
1524 7 31
1525 292
1526 7
1527 820
1528 7
1529 365
1530 22 85 162 311
1531 908
1532 7 636
1533 17
1534 157 311 1005
1535 22 61 422
1536 7
1537 7
1538 26
1539 26 31
1540 31
1541 31
1542 24 26 150 157 579 908 1006
1543 957
1544 1008
1545 309
1546 781
1547 22 157
1548 945 1009
1549 17 620
1550 17 620
1551 17
1552 75 237 1012
1553 17 344
1554 688
1555 22 24 26 524 749
1556 1013
1557 22 157
1558 31 37
1559 17 620
1560 17 364
1561 339 753 1014 1016
1562 509
1563 18 26
1564 17
1565 287
1566 22 157
1567 9 22 23 64 1017
1568 22 23 162 461
1569 23 26 1018 1019
1570 7
1571 982
1572 7 909
1573 7 31 285
1574 1020
1575 455
1576 26 639
1577 696
1578 7 26
1579 7
1580 764
1581 65
1582 7 599 917
1583 7
1584 223 287 336 1021 1022
1585 7
1586 7
1587 26 31
1588 31 53 886 1023
1589 7
1590 455
1591 31 53 886
1592 26
1593 250
1594 104
1595 7
1596 1 26 53
1597 466
1598 820 1024
1599 26
1600 26 329
1601 7 152
1602 17 620 688
1603 820
1604 1026
1605 31 37 535
1606 7 118 145 152 474 738 1027
1607 26 31 992 1028
1608 32 148 760
1609 945 1010 1029
1610 7 22 23 26 31 37 166 1030
1611 24
1612 620
1613 7 18 24 31 53 81 230 245 830 1031
1614 69
1615 17 309
1616 17 26 31 620 688
1617 455
1618 17 26 31 620
1619 7
1620 17
1621 23 65
1622 17
1623 26 603
1624 7 124
1625 7
1626 812
1627 1 53
1628 17
1629 22 23 272 287 695 1032 1033 1034 1035
1630 7
1631 311
1632 17 620
1633 695
1634 17 620 688
1635 17
1636 622
1637 22 128 1037
1638 17 620
1639 287 696 975
1640 620
1641 26 53
1642 63 128
1643 17 365
1644 1 17
1645 17 620
1646 26 1039
1647 26 83 373 699
1648 455 1040
1649 299 1041
1650 7
1651 189 309
1652 7
1653 1 7
1654 17 620
1655 594 1042 1043
1656 24 26 31 452
1657 17
1658 309 760
1659 22 162
1660 152
1661 908
1662 7
1663 909
1664 17 31 620
1665 53
1666 31 128 221 237 438
1667 7
1668 1045
1669 1046
1670 31 80 81 150
1671 945
1672 620
1673 1045
1674 18 22 24 228 830 897 898 900 901 1047
1675 17
1676 7 31
1677 22 53 157 438 461 749 793 803 1031
1678 7 150 810 877
1679 17
1680 17 586
1681 17
1682 17 31 309
1683 7 24 230
1684 1050
1685 1051
1686 64
1687 7 31 373
1688 53
1689 344 688 699 831
1690 53
1691 7 26
1692 52 1053
1693 1054
1694 17
1695 31 309 373
1696 17 26 69 620
1697 249 508
1698 31 61 373 507 508 1055
1699 971
1700 26 309 1056
1701 173 622
1702 26 58 1057
1703 1058
1704 936
1705 40 309 752
1706 494
1707 311
1708 752
1709 26
1710 17 26 31 620
1711 440
1712 26 31
1713 17 111
1714 17 620
1715 1059
1716 31 46 65 75 157 249 351 546 569 757 868 1061
1717 17 620
1718 1043
1719 52 760
1720 17 364
1721 620
1722 17 620
1723 7
1724 17
1725 17 620
1726 299 1041
1727 17 620
1728 945
1729 17
1730 17 364 620
1731 945
1732 17
1733 17
1734 250 865
1735 1062
1736 17
1737 17
1738 17
1739 22 26
1740 17 309
1741 31
1742 599
1743 17
1744 17
1745 17
1746 17 620
1747 17
1748 17
1749 309
1750 17
1751 17
1752 17
1753 17 26 31
1754 17 620
1755 17 620
1756 17 620
1757 620
1758 17 620
1759 797
1760 17 309
1761 17 309
1762 7 144
1763 7 26
1764 26 31
1765 1
1766 26 620
1767 620
1768 17 620
1769 952
1770 17 620
1771 17
1772 7 137 600
1773 7 359 999
1774 1063
1775 17
1776 1064
1777 1065
1778 17
1779 23
1780 7
1781 26 61 1066
1782 22
1783 17 26 31 620
1784 17 620
1785 812 945
1786 7 535
1787 7
1788 17 31 309
1789 157
1790 17
1791 31
1792 17
1793 17 620
1794 23 81 287 292 293 294 295 665 667 668 762 985 1067 1068 1069 1071
1795 26
1796 41 118 157
1797 22
1798 23
1799 1 17 993
1800 26 1073
1801 31
1802 7 26 53
1803 438
1804 429
1805 838
1806 7
1807 104 535 573 673 823 1074
1808 7 152 600
1809 17 620
1810 373 432 487 914
1811 17
1812 23 285 365
1813 17 80 111 344 396 463 652 767
1814 17 31
1815 17 620
1816 17
1817 17
1818 7 31 373
1819 17
1820 17
1821 7 17 309
1822 17 309 620
1823 17 309
1824 22 24 53 373 886 1078 1079
1825 17
1826 17
1827 7 53
1828 17 364
1829 17 620
1830 156 482
1831 17
1832 24 31 165 166 237
1833 17
1834 7 152
1835 26
1836 7
1837 7 40 144
1838 26 31
1839 17 620
1840 1080 1081
1841 309 491
1842 7 18
1843 1082
1844 532
1845 7 1083
1846 40
1847 7 18 26
1848 7 1083
1849 1084
1850 17 31
1851 7 31
1852 37 104
1853 17 620
1854 17 620
1855 17 620
1856 250
1857 1085
1858 1086
1859 339 1087
1860 1088
1861 53
1862 61 344 603 620
1863 85
1864 577
1865 26
1866 85
1867 577
1868 673 1089
1869 7
1870 26
1871 7 74 827 1090
1872 26 155 1091
1873 7
1874 278
1875 7 31
1876 455
1877 83 84 85 157 482 746
1878 26 31 620
1879 455
1880 26
1881 52 250 621 1092
1882 17 620
1883 338
1884 17 620
1885 17 620
1886 7 95 870
1887 26
1888 7 26
1889 31
1890 293
1891 23 26 31 80 250 790 1093 1094
1892 17
1893 1095
1894 1096
1895 674 1089 1097
1896 17 26
1897 24
1898 31 192
1899 17 95
1900 40 191 689
1901 22 65
1902 26
1903 1098
1904 31 532
1905 7
1906 1099 1100
1907 688 995
1908 1101
1909 7 639
1910 1102
1911 7
1912 7 26 603
1913 17
1914 7 17 80 620
1915 620
1916 26 1104
1917 53 61 1105
1918 1106
1919 482
1920 64 152 329 330 524 535 584 1107
1921 1108
1922 11
1923 17
1924 17 309 620
1925 17 26 137 620
1926 987
1927 1059
1928 17 620
1929 909
1930 353
1931 17
1932 31 100 752
1933 7 250 410 600
1934 7
1935 7 137 152 410
1936 7
1937 26 295 507
1938 1109
1939 287 695 1036
1940 7 22 74 75
1941 17
1942 7 53
1943 7 26 31
1944 26 104
1945 1110
1946 1111
1947 1110
1948 309 620
1949 389 451 1112
1950 17
1951 620 1108
1952 1 17 18 22 24 26 32 37 41 52 53 61 157 162 179 287 339 368 369 438 610 620 749 1049 1061 1113 1114 1115 1116 1117 1118 1120
1953 40 373
1954 155 156 940 1122 1123
1955 945
1956 295 1124
1957 166 272
1958 816 1125
1959 945
1960 26
1961 31
1962 23
1963 26
1964 1126
1965 85
1966 81 952
1967 24 952
1968 1127
1969 7 40 600
1970 11 17
1971 685
1972 7 422 599
1973 702
1974 50
1975 26 128
1976 157
1977 698
1978 26 37 53 157 373 639 641 760
1979 17
1980 1128
1981 309
1982 31 37 237 1129 1130
1983 26
1984 137 150 747
1985 13
1986 362
1987 507
1988 17 26 31 620
1989 482
1990 85 157
1991 908 1131 1132
1992 157 1133
1993 26
1994 26
1995 74 491 492 695
1996 7 1134 1135
1997 1 23 24 31 157 166 287 295 353 696 972 1137
1998 7 26 1138
1999 237 245 309 326 600 877 1139
2000 1108
2001 53 1140
2002 22 61 826
2003 7
2004 620
2005 620
2006 22
2007 7 31 137
2008 150
2009 1141
2010 7 123
2011 53
2012 237
2013 22 26
2014 26
2015 23
2016 7
2017 17
2018 309 368
2019 53
2020 17 24
2021 482
2022 22 31 237
2023 26 1091
2024 7 26 31
2025 1142 1143
2026 909
2027 24 26 221 462 1144 1145
2028 7 53 249 309
2029 7 22
2030 7
2031 31 85
2032 7
2033 31 992
2034 137 624
2035 324
2036 1 7 389 449 1112
2037 422
2038 40 373
2039 7 24 31 75
2040 85 157
2041 7
2042 7 128 137 230
2043 17
2044 364
2045 17
2046 17 704 864
2047 7
2048 7
2049 24 31 771
2050 285 491 492
2051 128 1143
2052 17
2053 1143 1146
2054 22 24 31 245 897 899
2055 23 75 247 249 329 351 870
2056 26 53 249 466 749 1147
2057 40
2058 128 1148
2059 7 1143
2060 909
2061 7 40 603 699
2062 124
2063 65 157 285 708
2064 7 747 1149
2065 7
2066 1150
2067 18 24 31 53 461 860
2068 18
2069 1088
2070 17 1151
2071 7
2072 17 1026
2073 26
2074 22 26 830 1153
2075 166 324
2076 7 26 31 252
2077 74
2078 26
2079 31
2080 22 157 170 868
2081 124
2082 179 622
2083 482
2084 104 258 324 432
2085 9 22 26 31 482 885
2086 1156
2087 26
2088 26
2089 860
2090 373 449
2091 22 85
2092 7
2093 17 1026
2094 534 1157
2095 455
2096 482
2097 22 23 285 1158
2098 309
2099 945
2100 466
2101 40
2102 7 137 1159
2103 287 1160
2104 754
2105 7 1161
2106 23
2107 754
2108 7 1162
2109 7 26
2110 1163
2111 440
2112 1164
2113 7 22 74 75 827
2114 17 620
2115 1051
2116 17
2117 17 620
2118 179 620
2119 37
2120 37 97 104 535 1075
2121 166 749 1165 1166
2122 1 7 432 908 1167 1168
2123 7 52 312 1169
2124 7
2125 26 1170
2126 23 309 689
2127 1 22 24 26 31 41 239 649 790
2128 7
2129 482
2130 26 31 37 760
2131 620
2132 1171
2133 422
2134 7 31 699
2135 1172
2136 1173
2137 1173
2138 26 31 75 247 249 311 351 438 1005 1079 1174 1175 1176
2139 1178 1179 1180 1181 1182
2140 760
2141 17
2142 26 31 128
2143 17 31 620
2144 31
2145 620
2146 7 24
2147 17 620
2148 364
2149 309 620
2150 863
2151 17
2152 863
2153 162
2154 7 75
2155 1183
2156 17
2157 24 31 295
2158 7
2159 7
2160 482 488
2161 1184
2162 482
2163 22 128 249 373 699
2164 22 31 53 64 438 885 886 1031
2165 440
2166 7 18
2167 64
2168 365
2169 7 74
2170 26
2171 7 26
2172 620
2173 7
2174 22
2175 17
2176 620
2177 17 620
2178 53
2179 18 1031 1186 1187 1188
2180 24 373
2181 22
2182 31 166 224 466 739 830 1125 1136 1142 1166 1189 1190 1191 1192
2183 309
2184 26 620
2185 85 153 157
2186 24 75 166 249 285
2187 1170
2188 13
2189 83
2190 7 18
2191 17 26 31 620
2192 17 26 31 620
2193 128
2194 17 620
2195 7 26
2196 482
2197 7 53
2198 166 603
2199 127
2200 309
2201 272
2202 247
2203 26 820
2204 620
2205 440
2206 620
2207 7
2208 1195
2209 69 166 309 689
2210 1196
2211 40 137 249 559 699 757 870
2212 31
2213 603 1197
2214 373 838
2215 22 157 1199
2216 534 1157
2217 1158
2218 24 347
2219 1201
2220 299 603
2221 7 26
2222 1135
2223 482
2224 128
2225 26
2226 17
2227 17 620
2228 17 620
2229 17 26 620
2230 7 152 1203
2231 820
2232 22 23 24 26 1204
2233 1205
2234 886
2235 64
2236 31 40 81
2237 124
2238 17
2239 7 309
2240 53
2241 17 620
2242 18 1031 1186 1187 1188
2243 620
2244 7
2245 26 31
2246 26
2247 22
2248 31
2249 22 26 31 577 879
2250 157
2251 26
2252 875
2253 26 83 157
2254 22
2255 620
2256 22 373
2257 26 31 53 1136
2258 875
2259 7 26
2260 31 1207
2261 1 7 26 53 230 326 432 886 1208
2262 7
2263 22 23 24 26
2264 7
2265 7
2266 7 1086
2267 1209
2268 124 810 877 1210
2269 7
2270 1211
2271 247 1212
2272 7
2273 758
2274 26 124 165 166
2275 26
2276 1098
2277 1 7 18 22 23 24 31 37 53 64 65 157 162 166 272 287 324 329 461 524 703 746 827 1039 1213 1214 1215 1216
2278 7
2279 7
2280 272
2281 1165 1217
2282 23 24 155 216 482
2283 23 25 26
2284 1218
2285 23
2286 170
2287 17
2288 1219
2289 1221
2290 1211
2291 157 162
2292 620
2293 1006 1106
2294 326
2295 482
2296 1106
2297 7 22
2298 542
2299 325
2300 1036
2301 7 512
2302 61 826
2303 26 124 137 373 482 699
2304 7
2305 26 830
2306 7
2307 17 620
2308 295 491
2309 26 309 1222
2310 810
2311 7 22 53 75 620 812 827
2312 810
2313 1219
2314 7 1148
2315 7 137 482
2316 1224
2317 7 118 137 373 999
2318 455
2319 31 249 990
2320 810
2321 7 237 249 450
2322 7
2323 22
2324 18
2325 7 22 124 230
2326 17 344 688 1225
2327 31 482
2328 7
2329 7
2330 7
2331 908
2332 1143
2333 7 31 53
2334 22 75 1226
2335 7 24 31 61
2336 85 157
2337 707
2338 26 285
2339 17 620
2340 17 620
2341 7 137
2342 482
2343 17 620
2344 7
2345 65
2346 7
2347 17 53 1228
2348 7
2349 26 250 284 790 896
2350 37
2351 1042 1229
2352 7
2353 31 1230
2354 17 311
2355 389
2356 1098
2357 295
2358 364
2359 295
2360 1232
2361 17 620
2362 1143 1153 1233 1234 1235 1238 1240
2363 22
2364 17
2365 17
2366 26 987
2367 23
2368 620
2369 249
2370 22
2371 364
2372 22 31 250 378
2373 292 1231
2374 24 128 166
2375 688 830 832 1151 1153 1241
2376 7
2377 1 7 22 24 26 53 124 886 1148
2378 7
2379 482
2380 875
2381 85
2382 17 620
2383 287 730 896 1243
2384 1244
2385 17
2386 22 157 309
2387 22 157 1245
2388 620
2389 364
2390 494
2391 1246
2392 124
2393 17 26
2394 26
2395 875
2396 17 521 620
2397 7
2398 364
2399 37
2400 26
2401 482
2402 25 75 170 249 285 373
2403 7 40
2404 23
2405 7 53
2406 26
2407 31
2408 31
2409 26 31
2410 7
2411 1196
2412 287 422
2413 7 1143
2414 128 535
2415 118
2416 295
2417 7 1148
2418 17
2419 272
2420 7
2421 1246
2422 285 295 695 1098
2423 1 22 26 53 124 736 1148
2424 7 26
2425 272
2426 17 620
2427 1 22 24 26 53 326 886 1148
2428 17 620
2429 37 224 1028 1165
2430 17
2431 17
2432 17 620
2433 26
2434 26
2435 7 22 24 26
2436 95 875
2437 7
2438 364
2439 7 432
2440 24 26 124 324
2441 22 65 157 519
2442 17 620
2443 65
2444 17 620
2445 309 810
2446 7 1248
2447 272
2448 7 22
2449 997
2450 7 666
2451 7
2452 22 24 61 155 166 1249
2453 7
2454 7 31 285 287 855
2455 309 1244
2456 7
2457 1252
2458 1246
2459 7
2460 166
2461 17
2462 22
2463 61 250 1105 1136 1253
2464 22 26 31 83
2465 810 873 877
2466 7 104 993 1148
2467 17
2468 22 461 863
2469 37 365
2470 309
2471 7
2472 17 790
2473 877
2474 95
2475 249 566
2476 875
2477 364
2478 1254
2479 810 1255
2480 810
2481 7
2482 31
2483 17
2484 17 365
2485 1252
2486 23 237 361
2487 17
2488 1056
2489 1059 1193
2490 1101
2491 7
2492 26 31 37 124 224
2493 868
2494 969
2495 7
2496 1252
2497 1257
2498 7 26 31
2499 1258
2500 364
2501 620
2502 17 620
2503 7 53
2504 450 1259
2505 26 31
2506 7 985
2507 26
2508 40 76 128 1028 1165 1260
2509 17 620
2510 295
2511 7 74
2512 22
2513 364 1262
2514 7 170
2515 17 620
2516 7
2517 74
2518 810
2519 7
2520 53
2521 810
2522 450
2523 7
2524 23
2525 875
2526 31
2527 7 22 74 75
2528 1056
2529 7 875
2530 22 24 26 31 287 830
2531 7 31
2532 7
2533 1244 1263
2534 7
2535 7
2536 1 24 31 53 1006 1078
2537 26 31
2538 285 287
2539 7
2540 26 166 329
2541 26 507 1129
2542 26 31
2543 23 81 249
2544 37 53
2545 1165
2546 170 326 450
2547 26
2548 364
2549 7
2550 247
2551 1264
2552 1265
2553 83 85
2554 17 309
2555 26 326
2556 422
2557 17 620
2558 1266
2559 24 31 830 873 1078 1079 1267
2560 287 365 667
2561 7
2562 173 365
2563 17 620
2564 7
2565 7
2566 1086
2567 810
2568 17 620
2569 364
2570 810
2571 1228
2572 26
2573 7 339 870
2574 364
2575 7 347 432
2576 26
2577 17
2578 17
2579 22 31
2580 287
2581 23 491 492
2582 7
2583 17
2584 17
2585 24 69
2586 22
2587 31 908
2588 7
2589 17
2590 26
2591 17 1222
2592 450 1259
2593 7 26 31 53 128
2594 7
2595 7 31 250 326 790
2596 26 347
2597 17
2598 31
2599 24
2600 17
2601 272
2602 26 64
2603 7
2604 95
2605 26
2606 26 250
2607 26 1268
2608 325 600
2609 7
2610 17 620
2611 7 326 592 724
2612 1257 1269
2613 53
2614 155
2615 1 599
2616 69
2617 1270
2618 40
2619 364
2620 53
2621 347
2622 95 1271 1272
2623 1268
2624 295 1273
2625 364
2626 26 40 124 166 482
2627 22 24 26 157 749 1274
2628 364 1276
2629 1277
2630 997 1278
2631 7 22 438
2632 695
2633 7 347 773
2634 7 31
2635 7 230 351 592 689
2636 22 152 157 396 731
2637 7
2638 26
2639 26
2640 26
2641 7 26
2642 7
2643 7 22 24 31 75 152 157 178 249 250 599 790 1138
2644 85 157
2645 22 157 1279
2646 1280
2647 7
2648 23
2649 22
2650 873
2651 157
2652 364
2653 17 620
2654 26
2655 26 749 830 1153 1283
2656 295
2657 1079
2658 1270
2659 247 702
2660 1270
2661 1259
2662 22 26
2663 1284
2664 455
2665 450 1259
2666 7 452
2667 1 7 26 31 914
2668 31 64 309 324 702 1283
2669 7 24 75 154 230
2670 7 24 26 53 152 592
2671 22
2672 7 24 31 899 1078 1267 1285 1286
2673 7
2674 364
2675 26 309
2676 11 364
2677 364
2678 216 491 1288
2679 452
2680 7
2681 26 324
2682 22 83 157 287
2683 7
2684 124 422
2685 65 85
2686 192
2687 17 26
2688 1289
2689 7 22 23 24 26 74 75 249 482
2690 7 22
2691 247 339
2692 491 745
2693 885
2694 7 521 649
2695 1135
2696 31 329
2697 26
2698 26
2699 7
2700 7
2701 7
2702 26 53
2703 7
2704 7 145 450
2705 7 1273
2706 309 603
2707 7 26 993
2708 364
2709 7
2710 7
2711 7
2712 599
2713 7
2714 23
2715 7
2716 7 1290
2717 53
2718 95
2719 26
2720 17 26
2721 7
2722 7 152 347 600 732 1292
2723 7
2724 31 886 1146 1277 1293
2725 26 31 61 81
2726 26 422
2727 7 26 250
2728 26
2729 7 81 170 250 790 896 959 1273
2730 7 1293
2731 17 440 1295
2732 17 620
2733 7 192
2734 26 61 1091
2735 22 24 26 422 461 830 924 969 1153 1241
2736 80 398
2737 309
2738 7 53
2739 22 154
2740 7 40 166 410 450
2741 7
2742 7
2743 7 326
2744 23
2745 7 26 53 61 157 546
2746 1 7 22 24 31 118 128 532 914 1148 1296
2747 81 295 1273
2748 167 1028 1165
2749 23
2750 7
2751 17 309 620
2752 7 22 432
2753 17 1297 1298
2754 26
2755 26 50 118 152 230 247 422 592 603 624 736 1079 1293
2756 26 264 309
2757 7
2758 7
2759 17
2760 7 26 61 828 1226 1293
2761 1202
2762 326 736
2763 22 157
2764 1280
2765 7
2766 17
2767 31 364
2768 7 298
2769 7
2770 1299
2771 7 26
2772 324 817
2773 17
2774 17
2775 26 128 1300
2776 17
2777 309 1301
2778 7
2779 398
2780 272
2781 23 287
2782 22 309
2783 26 451 1302
2784 7
2785 7 1086
2786 104
2787 26
2788 364
2789 17 26
2790 7
2791 7 22
2792 26
2793 7 326 592 603
2794 26 31
2795 364
2796 7
2797 26
2798 7 365 521
2799 398 1256
2800 17
2801 17
2802 17
2803 26 31 329 524
2804 23
2805 1303
2806 7 24 124 128 230 351 353 649
2807 31 249 809 831
2808 7 152
2809 1299
2810 40 157
2811 23 287
2812 17 620
2813 7
2814 364
2815 7
2816 24 95
2817 7 75
2818 293 1304
2819 17
2820 22 31 83 396 601 702 1283
2821 250 790
2822 364 817
2823 32 187 189
2824 17 31
2825 1305
2826 17
2827 22 31 61 157
2828 7 31 75 118 152 870 1306
2829 7
2830 309 916
2831 7
2832 364 1307
2833 620
2834 26
2835 23
2836 620
2837 23
2838 364
2839 85 157
2840 364
2841 24 31 245 897 899
2842 7 487 1226
2843 309 1079
2844 24 245 309 707
2845 124 127 1133
2846 17
2847 7 26
2848 524
2849 17
2850 22 124 287
2851 17
2852 7
2853 7 26 1232
2854 7 53
2855 309
2856 17 620
2857 7 1086
2858 17 620
2859 1309
2860 17
2861 249
2862 24
2863 17
2864 24 247
2865 364 1310
2866 364
2867 1269
2868 364
2869 23
2870 364
2871 53
2872 7 74
2873 17
2874 640
2875 17 26
2876 7 26 592
2877 907
2878 364
2879 17 26
2880 364 1312
2881 1313
2882 166
2883 26
2884 127
2885 83 157 309
2886 749
2887 31
2888 1133
2889 249 364
2890 1314
2891 7 26
2892 95
2893 7 157 396
2894 22 24
2895 7 530
2896 40 250 1184
2897 7
2898 7 736
2899 364
2900 7
2901 17
2902 287 491
2903 7 118 156 309 732
2904 17
2905 31
2906 364
2907 23 870
2908 620
2909 620
2910 26
2911 7
2912 1 7 26 40
2913 37 364
2914 17
2915 26
2916 17
2917 364
2918 24
2919 7 599
2920 364
2921 7 118 1315
2922 7 1316
2923 324
2924 24 245
2925 7
2926 326
2927 7
2928 17 31
2929 830
2930 7 22 152 249 326 592
2931 7 599
2932 85 746
2933 23 166 790
2934 7 365
2935 17
2936 24 26 128
2937 364 1317
2938 127
2939 17
2940 253
2941 95
2942 309
2943 26
2944 364
2945 95
2946 26
2947 24
2948 26
2949 7 26
2950 23 324
2951 907
2952 7 24 245 326
2953 23
2954 7 422 612 649 818 1165 1274 1318
2955 31 1319
2956 7 287
2957 443 1320
2958 339 1321
2959 26 1321
2960 364
2961 1133
2962 26 603 1322
2963 7 1323
2964 17
2965 7
2966 7 230 1324
2967 26
2968 22 165 329
2969 26
2970 157 309
2971 250
2972 7 389 1325
2973 7 22 23 326
2974 17
2975 26 31 166 178 249 339 461 1078 1116 1136 1275 1285 1291 1326 1328 1329
2976 26 1091
2977 7
2978 26
2979 7
2980 1270
2981 364
2982 7 26
2983 17 620
2984 83 157 347
2985 22 24 26 31 245 249 329 749 790 1312 1330
2986 189 1222
2987 17
2988 546
2989 26
2990 546
2991 7 31 37 104
2992 7
2993 17 31
2994 46 83 157
2995 7
2996 1 31 326
2997 1331
2998 7
2999 26 325 649
3000 66 324
3001 7
3002 26
3003 749
3004 26 830
3005 26 155
3006 22
3007 26
3008 1174
3009 817 1311
3010 749
3011 1282
3012 26 482
3013 26
3014 22
3015 166
3016 7
3017 311
3018 1 7 1332
3019 53
3020 81
3021 1184
3022 364
3023 7
3024 189
3025 22 749 1333 1334
3026 26
3027 17
3028 364 1136
3029 364
3030 24
3031 7 26
3032 292
3033 7 551
3034 620
3035 364 1335
3036 749
3037 1336
3038 7 128
3039 128 1287
3040 17
3041 26
3042 25 26
3043 26
3044 7 43
3045 50 249 1086
3046 26 494
3047 7
3048 23 24 324
3049 7 124 230 237
3050 26 31 830
3051 1136
3052 7 599
3053 364 1337
3054 170
3055 7 326
3056 364
3057 7
3058 17 26
3059 364
3060 364
3061 31
3062 22 157 703 1338 1339
3063 7 26 309
3064 7 152 309
3065 31 830 1078
3066 189 707
3067 26 128
3068 40
3069 1340
3070 26 1091
3071 17
3072 1341
3073 22
3074 1342
3075 31 812 868
3076 7
3077 7 26
3078 422
3079 31
3080 128
3081 26 830
3082 231 422
3083 7
3084 579 993
3085 7
3086 17
3087 482 599
3088 7
3089 7
3090 7
3091 7
3092 7
3093 7 24 118 1344
3094 26 61
3095 7
3096 1345
3097 7
3098 1086
3099 365
3100 24 26
3101 127
3102 26 31 61
3103 7 26
3104 7
3105 22 23 31 46 157 1347
3106 26 61 1348
3107 24 26 31 309
3108 22 157 309 873
3109 22
3110 26 1129
3111 494
3112 827
3113 124 230 579
3114 7 22 31
3115 26
3116 24 324
3117 1305
3118 24 324
3119 23 31
3120 287
3121 1349
3122 26
3123 26
3124 7 22 24 81 790
3125 23
3126 487
3127 22 23 26 287 324
3128 7 731 1184
3129 164 1293
3130 7 95
3131 546
3132 546
3133 22 157 309
3134 17 620
3135 247
3136 1091
3137 26
3138 32
3139 7
3140 7
3141 7 24 104 482
3142 166 309
3143 1341
3144 1028
3145 287
3146 7 37 75 118 156 170 249 309 812 1222
3147 26 31 118 124 157 432 579 731 831 1350
3148 24 165 170
3149 1341
3150 1352
3151 81 1151
3152 23 287 491
3153 7 40
3154 7 152 166
3155 1353
3156 26
3157 7 162
3158 7
3159 7 298
3160 22 46
3161 249
3162 7
3163 7 26
3164 31 37 1078 1275 1285 1355
3165 7
3166 7 24
3167 32
3168 128
3169 128 166 287 325 351 1260
3170 26 40 422 830
3171 26
3172 26
3173 7
3174 22 278
3175 24 26 37 53 81 157 329 707 1078 1277 1283 1321 1328 1356
3176 26
3177 7 24
3178 26 31 74 170 249
3179 7
3180 7
3181 364
3182 7 22 157 461 546
3183 22
3184 422
3185 7 356
3186 7
3187 26
3188 7
3189 23 24 26 328 1358
3190 365
3191 599
3192 26
3193 1079
3194 812
3195 26
3196 920
3197 26 438 830
3198 482 1359
3199 7
3200 1184
3201 7 324
3202 157 546
3203 1105 1160
3204 7
3205 7 31 450
3206 7
3207 24
3208 1360
3209 26 157 830 1129 1283
3210 7 26
3211 7 309 592 1315
3212 1305
3213 23 26 287
3214 1361
3215 7
3216 309
3217 7 312
3218 7 1148
3219 7 1362
3220 22 23 24 26 165 166 329 702
3221 26
3222 1 7 432 918 936 993 1363
3223 7
3224 1365
3225 94
3226 7 118 736
3227 22
3228 7 104
3229 7 599 1086
3230 24 26 830 1366
3231 1367
3232 17 31
3233 7 26 166
3234 927
3235 26
3236 873 974
3237 24 75 249 326
3238 7
3239 7
3240 309 592 1287
3241 118 253
3242 26 118 230
3243 7
3244 7
3245 23 491 695 1369
3246 26
3247 22 702
3248 26
3249 974
3250 1270
3251 253
3252 40 124 603 790
3253 298
3254 935
3255 1346
3256 1370
3257 7
3258 22 23 546
3259 7 170 993 1139
3260 7 22 24 26 40 128 152 245 328 461 830 1283 1371
3261 157 482
3262 22 65 157
3263 26 373 508
3264 37 40
3265 1372
3266 7
3267 26 749 969 1288
3268 23 40 64 75 1289
3269 24
3270 23 292 365 665 762 985
3271 26 1358
3272 7
3273 1374
3274 7 170 287
3275 7
3276 17
3277 23
3278 128 165 166 353
3279 7 1184
3280 7 24 75 157 249 250 1275
3281 23
3282 22 166 546
3283 7
3284 153 157
3285 24 26
3286 254 255 586 1375 1376 1377
3287 695
3288 31 37
3289 26
3290 50 154
3291 7 253 1378
3292 488
3293 26
3294 26 603 649
3295 599 1086
3296 599 1086
3297 599 1086
3298 599 1086
3299 7 145
3300 830
3301 26 295 339 1380
3302 7 152
3303 749
3304 7
3305 1
3306 245 873
3307 26
3308 1381
3309 7
3310 7
3311 1382
3312 7
3313 7
3314 599 1086
3315 599 1086
3316 7 40
3317 992
3318 249
3319 23
3320 1101
3321 7 24 230 1282
3322 24
3323 22
3324 450
3325 1347
3326 22 61 157
3327 22 24 26 329 749
3328 104
3329 124
3330 7
3331 154 361 601 1383
3332 26
3333 26 586 1384
3334 153 603
3335 128
3336 26 1385
3337 7
3338 422
3339 26
3340 7
3341 26 128 165 224 237 329 1386
3342 22 23 216 491 1387
3343 1388
3344 749
3345 7
3346 1388
3347 7
3348 7 118
3349 1389
3350 31
3351 7 22 23 26 157 165 249 702
3352 7
3353 7 74
3354 287
3355 26
3356 26
3357 24 325
3358 249
3359 7
3360 31 81 873 1390 1391 1392
3361 1393
3362 7
3363 7 23 287
3364 599
3365 586
3366 152
3367 438
3368 353
3369 324 347 1394
3370 22 1395
3371 7
3372 287 492
3373 749
3374 409
3375 26 188 189
3376 23
3377 22 24 31 128 328 329 749
3378 7
3379 7 1362
3380 31 1396
3381 23 157
3382 81 1151 1330
3383 247
3384 26
3385 7
3386 649
3387 7
3388 287
3389 118 124
3390 7 326
3391 1397
3392 1398
3393 7 26 75 95 189 237 249 325 351 450 592 724 831 1165
3394 7 592 599
3395 272 491
3396 361 601
3397 7
3398 7
3399 546
3400 26 40
3401 24 330
3402 7 309
3403 287
3404 23 64 287
3405 7 26
3406 1346 1399
3407 24
3408 7 26 166
3409 26
3410 1217
3411 7
3412 24 124
3413 31 1312
3414 24
3415 7
3416 75 247 603
3417 26
3418 23
3419 24
3420 7 26
3421 22 26 586
3422 31
3423 23 261
3424 1396
3425 7 23 157
3426 22
3427 26
3428 128
3429 95 1400
3430 26
3431 7 22 24
3432 7
3433 40 365 603 884
3434 339 1352
3435 287
3436 422
3437 773
3438 7 22
3439 7 22 24 157
3440 170
3441 7
3442 1376
3443 24
3444 272 695
3445 7
3446 26
3447 7 298
3448 23
3449 7 22 75
3450 155 482
3451 7 26
3452 64
3453 1370
3454 153
3455 7 26
3456 154
3457 7
3458 272 287
3459 1402
3460 24 162
3461 24 26 124 155
3462 26
3463 26 157 1174
3464 1403 1404
3465 1346 1405
3466 237
3467 26
3468 23 873
3469 23 287
3470 85 157
3471 409
3472 22 124 157 309 568
3473 7 812
3474 409
3475 885
3476 7
3477 23 26
3478 309 324
3479 330
3480 324
3481 84 157
3482 7 26
3483 7 22 24
3484 24 1287
3485 7
3486 7
3487 26
3488 7 1407
3489 7 170
3490 24
3491 936
3492 1364 1379
3493 124 482 1078
3494 7 250 1288 1408
3495 26
3496 26 309 1409
3497 190
3498 1410
3499 7
3500 7 22
3501 26 488 736
3502 24 1361
3503 599
3504 32 812
3505 7
3506 324
3507 83 157
3508 24
3509 24
3510 7 23 1158
3511 26
3512 26
3513 22 24 31 535 1411
3514 22 24 599
3515 26
3516 190
3517 7
3518 936
3519 347
3520 26 1412
3521 326
3522 7
3523 7 247
3524 7 22 26 118 124 432 1413
3525 22
3526 707 884
3527 31 292 666 985
3528 26 157
3529 7 22 24 1414
3530 22 31 157 329 749
3531 873
3532 1415
3533 26
3534 324
3535 935
3536 272
3537 11
3538 24 26 31
3539 7
3540 24 830
3541 24
3542 295
3543 7
3544 1416
3545 885
3546 7
3547 26 309 603
3548 7
3549 22 124 157 249 309 482
3550 1417
3551 326
3552 22 26
3553 26
3554 26
3555 7
3556 190 422
3557 7
3558 170
3559 7 250
3560 26 309
3561 128 324
3562 64
3563 254 255 586
3564 298
3565 599
3566 7 22 118 230 1148
3567 24
3568 7 22 83 157
3569 190
3570 22
3571 1 7 74 649 993
3572 326
3573 7
3574 7
3575 940
3576 26 830 873
3577 7
3578 329
3579 324
3580 1352
3581 24 31 899 1078 1267 1392
3582 22
3583 22
3584 309 324
3585 170
3586 24 579
3587 524
3588 11
3589 26 128 247 250 1287
3590 26
3591 7 23 128 165 237 592
3592 7
3593 1419
3594 7 50 298 1420
3595 26
3596 7 22
3597 26
3598 324
3599 26 309
3600 26 1214
3601 324 1421
3602 26
3603 22
3604 17 309
3605 287
3606 1133
3607 916
3608 157
3609 7
3610 22 157
3611 60 1407 1422 1423 1425 1426 1427 1428 1429 1431
3612 7
3613 7 22 237 339
3614 1385
3615 84
3616 24 749
3617 26 84
3618 324 438 749 1302
3619 1 7 959
3620 885
3621 295
3622 7 22 230 247
3623 26
3624 1302
3625 24 325
3626 77
3627 7 26
3628 1410
3629 157
3630 24 157
3631 7
3632 7
3633 170 241 250 695 1034 1369
3634 7
3635 1433
3636 7
3637 74
3638 1433
3639 26
3640 23 170 745
3641 873
3642 22
3643 873
3644 7
3645 24 324
3646 40
3647 365 1311
3648 22 599
3649 22
3650 23
3651 7 22 74 75 118 124 230 351 592 649 914 1293 1435 1436
3652 24
3653 165 325
3654 26 118
3655 7
3656 1309
3657 23
3658 22 23 241 287
3659 7
3660 7
3661 7
3662 924
3663 1385
3664 1437
3665 7 26
3666 22 247
3667 7
3668 324 1438
3669 7
3670 7
3671 326
3672 24
3673 40 309 884
3674 26
3675 736
3676 24 26 324 1136 1166
3677 157
3678 287 873
3679 7
3680 22
3681 24 26
3682 26
3683 7 707
3684 24 26 128
3685 309 1346
3686 124
3687 24
3688 24 245
3689 24 124 702
3690 7 230
3691 157
3692 7 26 31 32 704
3693 7 26 31
3694 26 1439
3695 295
3696 7
3697 7 26
3698 170
3699 170
3700 157
3701 7
3702 7
3703 24 31 250 1078
3704 7
3705 24
3706 7 298 325
3707 22
3708 7 432
3709 7 298 1294
3710 22 23 46 324
3711 7
3712 24 1417 1440
3713 7
3714 157
3715 22 24 482
3716 22
3717 7 326
3718 22 24 128 165 254 432 1104 1136 1384
3719 491
3720 7 326
3721 1442
3722 22 546
3723 22
3724 365
3725 7
3726 7 1362
3727 40
3728 1136
3729 1443
3730 7
3731 128
3732 69
3733 1445
3734 7
3735 24
3736 7
3737 254
3738 7
3739 1446
3740 856
3741 24 1417 1440
3742 230 1316 1447
3743 22
3744 26
3745 26
3746 22 23 24 157 790 1356 1417 1448 1449
3747 7
3748 24
3749 22
3750 26 1450
3751 157
3752 365
3753 1451
3754 7 230 325
3755 298
3756 7 326
3757 7
3758 24
3759 22 157
3760 7
3761 7
3762 7
3763 23 75 247 326
3764 26
3765 162 309
3766 1445
3767 7 24
3768 494
3769 7 22
3770 24
3771 170
3772 24
3773 7 703
3774 1392 1452
3775 1446
3776 69
3777 649 739
3778 1446
3779 7 592
3780 7 326
3781 287
3782 50 281 488
3783 46 1347
3784 7
3785 22
3786 46 1347 1417
3787 26
3788 1026 1454
3789 899
3790 31
3791 325
3792 7
3793 7
3794 40 287
3795 7
3796 389
3797 31 1076
3798 287 695 790
3799 7
3800 81
3801 7
3802 1452
3803 7
3804 298
3805 1136
3806 7
3807 703
3808 1455
3809 7 24 118 124
3810 7
3811 1456
3812 7 31 1078 1267 1308 1328
3813 1457
3814 81 170 762 776
3815 325
3816 287
3817 22 23
3818 24 245 308 897 899 900 1458 1459
3819 22 230
3820 24 1277
3821 24 546
3822 22 31 128 153 157 955 1461
3823 24
3824 81
3825 7 40 309
3826 422
3827 7
3828 22
3829 873 1462
3830 7
3831 22 287
3832 649 739
3833 298
3834 1463
3835 1457
3836 579
3837 873
3838 7 31
3839 7
3840 7
3841 1 22 23 24 26 31 245 329 438 749 1136 1189
3842 7 598
3843 26
3844 7
3845 749
3846 22 24 26 31 37 157 749 1078 1464
3847 1445
3848 665
3849 22
3850 546
3851 26
3852 23
3853 1456
3854 708
3855 118
3856 22 326
3857 22
3858 7
3859 7
3860 7
3861 127
3862 7
3863 128 1421
3864 127
3865 40 156 1465 1466
3866 165 329
3867 250 790
3868 7
3869 22 157 245
3870 23 272 389 1468
3871 22
3872 1455
3873 7 22 23 31 124 165 328 461 749 917 1136 1469 1470 1471
3874 287 298
3875 881
3876 22 52 245 515 719 817 1399 1473 1474 1475 1476
3877 599 1477
3878 40 64
3879 703 1287
3880 7 118 230 736
3881 7 170
3882 1478
3883 7
3884 287
3885 7
3886 26 1479
3887 7 26
3888 7 703
3889 7 329 749 1434
3890 298
3891 749
3892 22
3893 272
3894 7 23 287
3895 7
3896 347 749
3897 7
3898 287
3899 7
3900 7
3901 749
3902 104
3903 22
3904 7
3905 873
3906 26
3907 873
3908 7
3909 24
3910 162
3911 7
3912 22 707 864
3913 1469
3914 23
3915 24 128
3916 1482
3917 7 24
3918 22 31 46 708 1212
3919 873
3920 31 873 897
3921 7
3922 7
3923 7 592
3924 23
3925 873
3926 7
3927 26 81
3928 873
3929 81 292 666 985
3930 546 873
3931 7 22
3932 26
3933 22 703
3934 7 26
3935 7
3936 592
3937 7
3938 26 165
3939 31
3940 22 157
3941 7
3942 7
3943 24
3944 7
3945 22
3946 1483
3947 1484
3948 1212
3949 7 156
3950 24
3951 1485
3952 7 22 230
3953 873
3954 128 165
3955 162
3956 7
3957 7
3958 145
3959 7 24 298 1294
3960 26 438 1136 1464 1487
3961 26 278 461 703 705 1212 1308 1371 1391 1469 1471 1488 1489 1490 1491 1492 1493 1494 1495 1496
3962 23 272 287
3963 7
3964 83 546
3965 128
3966 7
3967 32
3968 7
3969 24 46 66 128 157 165 432 702
3970 22
3971 1497
3972 24
3973 727
3974 22 1495
3975 298 1498
3976 7 287
3977 1 7
3978 7 24 31
3979 1499
3980 325
3981 7
3982 298 1500
3983 272 287
3984 40
3985 1127
3986 1501
3987 7 665
3988 7
3989 7 326
3990 7
3991 482
3992 118 230
3993 22 24 26 157 272 329 749 793 1487
3994 22 157 324 1356
3995 22
3996 22 329
3997 1376
3998 23
3999 26 914
4000 546
4001 230 298
4002 22 24 482 856 1502
4003 22
4004 167
4005 7 328 1165
4006 26 1472 1487
4007 7
4008 7
4009 26
4010 26
4011 568 1503
4012 292 776 985
4013 24 128 165 328 1158
4014 22
4015 26 1464
4016 1212
4017 26 31 250 284 312 790
4018 325 649 993 997
4019 7 75
4020 50 298 599
4021 7
4022 7
4023 26 157 328 749
4024 23
4025 7
4026 23
4027 22 702
4028 7
4029 7
4030 1501
4031 7
4032 703
4033 1335 1504
4034 7
4035 7 124 230 326 1505
4036 873 1506
4037 1507
4038 1507
4039 40
4040 7
4041 873
4042 75 1477
4043 24
4044 7
4045 24
4046 7
4047 7
4048 245
4049 23
4050 7 1278
4051 7
4052 7
4053 7
4054 24 1392
4055 7
4056 24 165 325
4057 7
4058 599
4059 7
4060 7
4061 494
4062 7 24
4063 26 329 749 1509
4064 31
4065 24
4066 75
4067 26
4068 873 1506
4069 164 1510
4070 23
4071 7 278
4072 7 31 250
4073 7
4074 749
4075 7
4076 26 127
4077 23 1443
4078 26 40
4079 80
4080 7 31 649
4081 26 31 1078
4082 22 26 37 287 749 899 1464
4083 22 24 26 37 749 899 1464
4084 7
4085 22 23 46 157
4086 7
4087 24
4088 24
4089 165 287 702 790 1271 1287 1512
4090 7
4091 432
4092 23
4093 24
4094 7
4095 7 24
4096 40
4097 7
4098 22
4099 1513
4100 389
4101 40
4102 26
4103 1514
4104 22
4105 155 856
4106 1377
4107 7
4108 23
4109 170
4110 324 1260
4111 24 873
4112 7
4113 702
4114 7 24 26
4115 7
4116 24 26 83 84 124 157 165 432 914 1212
4117 40
4118 1133
4119 23 287 491
4120 873 1078 1342
4121 7
4122 7 649
4123 1514
4124 7
4125 24 26
4126 26
4127 916
4128 873
4129 157
4130 7
4131 7 649
4132 7
4133 7 24
4134 7
4135 7
4136 7 1392
4137 22 165 703 1470
4138 7
4139 7
4140 118
4141 23 329 749
4142 749
4143 7 812
4144 23 287
4145 7
4146 7 75
4147 1136
4148 7
4149 22
4150 22
4151 22 432 790 1417 1516 1517
4152 7
4153 7
4154 7
4155 7
4156 75 128 165 491 1078 1278 1518 1519
4157 23
4158 7 74
4159 7
4160 7 298
4161 7
4162 7
4163 24 26 37 329 749 1136
4164 7
4165 749
4166 157 1448
4167 873
4168 272
4169 128
4170 873
4171 287
4172 32 365 817 859 916 1520 1521
4173 7 26
4174 7
4175 1514
4176 7 432 1148
4177 873
4178 916
4179 7 1296
4180 7 592
4181 7
4182 1226
4183 635
4184 7 649 1316
4185 703 873
4186 24 339
4187 7
4188 31
4189 298
4190 7
4191 22
4192 7
4193 22 24 230 422 579 649
4194 1 7
4195 7
4196 7
4197 165 749 992
4198 32
4199 1136
4200 298
4201 7
4202 7
4203 7
4204 7 22 24 325
4205 1434
4206 187
4207 324
4208 23 287 1033
4209 325 1481
4210 287 873
4211 124 154 155 287 1160 1274 1288
4212 26
4213 7 40
4214 24
4215 873
4216 1522
4217 165 189 287 559 812 817 1523
4218 546
4219 7 287
4220 24 31 1441
4221 1026 1501
4222 26
4223 7
4224 22 128
4225 287
4226 7 432 1148
4227 7 157
4228 23 1056
4229 325 993
4230 1524 1525
4231 7
4232 695
4233 22
4234 7
4235 7
4236 7
4237 40
4238 165 353
4239 187
4240 7
4241 26 1464 1487
4242 22 24 157 250 284 790 1349
4243 22
4244 165
4245 7 118
4246 7 22 649 1350
4247 7
4248 1526
4249 7
4250 22
4251 703
4252 7
4253 1506
4254 22 157 247 328
4255 1278
4256 7
4257 873 1506
4258 40
4259 22 157
4260 26
4261 26
4262 22 128
4263 104
4264 24
4265 790
4266 873
4267 1368
4268 298
4269 22 24 328
4270 7
4271 873
4272 7
4273 1 7
4274 22 23 46 1417
4275 873
4276 7 649
4277 118
4278 22
4279 7
4280 1506
4281 24
4282 7 649 1527
4283 22 245
4284 873
4285 7
4286 1528
4287 1528
4288 389 586
4289 1528
4290 329
4291 749
4292 7
4293 26 1447 1487
4294 1529
4295 22 46 157 546
4296 7
4297 298
4298 703
4299 298
4300 22 24
4301 454
4302 1443 1530
4303 1531
4304 22 23 128 491
4305 22 24 165
4306 7
4307 749
4308 7
4309 1497
4310 873
4311 7 1316
4312 287
4313 7
4314 40
4315 7
4316 365 1532
4317 873
4318 170
4319 24
4320 287
4321 26 1534
4322 1534
4323 1535
4324 7
4325 298
4326 26
4327 7
4328 24
4329 22 31 339 364 897 898 899 900 1267 1277 1285 1327 1391 1458 1459 1471 1472 1488 1493 1537
4330 24
4331 422
4332 873 1528
4333 7 118 790 1145
4334 22
4335 22
4336 22
4337 22 157 245 1417
4338 7
4339 873
4340 1513
4341 7
4342 272
4343 7 1294
4344 7
4345 24 546
4346 118 250 736 790 1052
4347 7
4348 298
4349 31
4350 298
4351 298
4352 250 790 1225 1242
4353 298
4354 298 1500
4355 1104 1414
4356 1528
4357 329 1539
4358 298 1401 1540
4359 1541
4360 7 23
4361 128 309
4362 873 1526
4363 22
4364 22 128 702 924
4365 24
4366 873
4367 7
4368 7
4369 7 23
4370 532
4371 7
4372 873
4373 1380 1542
4374 298
4375 454
4376 298
4377 7
4378 26
4379 7 22 24 118 298 325 328 432 439 993 1148 1447
4380 7 23
4381 23 165 287
4382 454
4383 873
4384 749 1354
4385 432
4386 7
4387 1104
4388 298 1480
4389 26 1539
4390 7
4391 298
4392 1535
4393 287 1033
4394 1528
4395 157
4396 26 1330
4397 24 873
4398 7
4399 7
4400 1034
4401 157
4402 22 26 37 157 329 389 438 749 914 1136 1485
4403 1543
4404 7
4405 7 1482
4406 83 157
4407 7 26 31 40 339 1354
4408 7 1420
4409 23 241 272 695 1369
4410 23 272 287
4411 1535
4412 298
4413 24 26
4414 7
4415 1535
4416 7
4417 24
4418 189
4419 7 22 128
4420 24 1528
4421 298
4422 77 790 1544
4423 598
4424 23 325
4425 451
4426 454
4427 1498
4428 298
4429 7
4430 250
4431 22 75
4432 298 325
4433 873
4434 40
4435 482
4436 23
4437 1417
4438 7
4439 22
4440 7
4441 298 1401 1545
4442 272
4443 7
4444 26
4445 7
4446 165
4447 40 873
4448 7
4449 298
4450 7
4451 31
4452 128 264 328 749 1260
4453 22 24 178 450
4454 187
4455 298
4456 298
4457 7
4458 7
4459 7 118 1482
4460 287 1546
4461 7
4462 24 165 170 914 1502
4463 1139
4464 23
4465 31 1528
4466 7
4467 298
4468 298
4469 7
4470 298
4471 23 31 287
4472 31 1525 1547
4473 298 1401 1480 1545 1548
4474 298
4475 873
4476 46
4477 26
4478 37
4479 7
4480 7 22 40
4481 454
4482 118 325
4483 7
4484 454
4485 7
4486 24 329 353 749
4487 250 790
4488 7
4489 24
4490 7
4491 22
4492 7
4493 7 22 75
4494 24
4495 23 75 170 695 992
4496 250 790
4497 165
4498 178
4499 599
4500 1528
4501 1344 1403
4502 128
4503 790
4504 1497
4505 298 992
4506 454
4507 7 1344
4508 298
4509 298
4510 298
4511 329 873
4512 7
4513 1528
4514 118 298 1549
4515 7 298
4516 7
4517 83 157
4518 157
4519 128
4520 7
4521 7
4522 454
4523 873 1546
4524 298
4525 1208
4526 7
4527 7 22 75
4528 7
4529 454
4530 1528
4531 1528
4532 24 157
4533 287
4534 7 250
4535 774
4536 7
4537 22
4538 454
4539 873
4540 7 23 74
4541 7
4542 24 298
4543 450
4544 7
4545 22 23 1142 1550
4546 1487
4547 7
4548 22
4549 873 1528
4550 22 287
4551 1551
4552 521 532 1552
4553 22
4554 298
4555 157 287
4556 7 31 287
4557 22 329 353
4558 22
4559 7 287
4560 7 1279
4561 7 22
4562 23 287 695 1369
4563 7
4564 7 247
4565 7
4566 23 31 492
4567 7
4568 1142 1547
4569 23
4570 454
4571 7
4572 272 492
4573 22 23 24 128 165 241 287 329 992
4574 454
4575 22
4576 7
4577 7
4578 7
4579 7 75
4580 7
4581 7
4582 128 165
4583 23 272 287
4584 7
4585 916
4586 7
4587 7 1279
4588 7
4589 7
4590 454
4591 23 66 1553
4592 7
4593 1528
4594 329
4595 22
4596 1078 1528
4597 24
4598 157
4599 165
4600 272
4601 7 230 298
4602 7
4603 7
4604 128
4605 22
4606 859
4607 7
4608 7
4609 1316
4610 247
4611 7
4612 7 1290
4613 7 75 237 1134
4614 7 24 118 325 1279 1448
4615 7
4616 7
4617 7
4618 298
4619 7
4620 7
4621 22 24 26 37 157 329 749 914
4622 272
4623 40 329
4624 7 118
4625 790
4626 23 462 1145
4627 1546
4628 7 1518
4629 454
4630 298
4631 22 24 31 703 1338
4632 287
4633 7
4634 7
4635 7
4636 454
4637 298
4638 7
4639 325
4640 7
4641 7
4642 916
4643 454
4644 603
4645 7
4646 22
4647 814
4648 7
4649 24
4650 1290
4651 873
4652 128
4653 245
4654 272
4655 7 32
4656 23 1287
4657 7 23 287
4658 695
4659 287
4660 7
4661 165 1484
4662 7
4663 7
4664 7
4665 7
4666 22
4667 7 32 598 1482
4668 329
4669 454
4670 22
4671 24
4672 422
4673 7
4674 790
4675 23
4676 287
4677 7
4678 7
4679 298
4680 22
4681 7 22 23
4682 23 75 247 790
4683 7
4684 81 762
4685 7
4686 7 22 24 1554
4687 1555
4688 7 128
4689 287
4690 7
4691 7 250
4692 7 287
4693 1556
4694 298
4695 1543
4696 521 1290
4697 272 1033
4698 298
4699 24
4700 454 1217
4701 22 702
4702 702
4703 7
4704 241
4705 454
4706 454
4707 22
4708 23 128 749
4709 22 26 749
4710 7
4711 454
4712 7 118 1350
4713 454
4714 7
4715 31 245 364 793 817 897 1472 1536 1557
4716 24
4717 7 24 812
4718 7
4719 992 1558
4720 298
4721 7
4722 7 40
4723 31 559
4724 7 287
4725 298
4726 7 873
4727 23 26
4728 250 790
4729 22 23 24 287 328 749
4730 7
4731 7
4732 23 873
4733 22 23 24 287 328 1559
4734 7
4735 165
4736 7
4737 75
4738 7
4739 1560
4740 1543
4741 24
4742 328 749 1217
4743 7 598
4744 7
4745 325
4746 22 24 165 702 1338
4747 7
4748 298
4749 7
4750 298
4751 272
4752 24
4753 7
4754 494
4755 292 665 985
4756 23
4757 7 1561
4758 7
4759 22 23
4760 365
4761 7
4762 26 1464
4763 7 31
4764 7 22
4765 454
4766 272
4767 24 156
4768 454
4769 298
4770 22
4771 7
4772 7 170
4773 247 1142
4774 298
4775 1375
4776 22 23 24 287
4777 23 24
4778 7
4779 916
4780 22 702 703 1338 1469 1470
4781 1308
4782 454
4783 1308
4784 7
4785 7 329
4786 7
4787 250
4788 7
4789 22
4790 23 272 1369 1563
4791 24
4792 1564
4793 7
4794 128
4795 7 31
4796 278
4797 1134
4798 7 157
4799 325
4800 7 287
4801 454
4802 7
4803 7 75
4804 7 1380
4805 1369
4806 241 329 749 954 1515
4807 22
4808 22
4809 26
4810 7
4811 298
4812 250
4813 7
4814 128 1307
4815 7
4816 7 250 298 790 1565
4817 702
4818 454
4819 31 364
4820 7
4821 7
4822 7
4823 7
4824 23
4825 7 170
4826 328
4827 7
4828 128 230
4829 325
4830 7
4831 22
4832 7
4833 325
4834 7
4835 26 1566
4836 992
4837 1567
4838 7
4839 278 454
4840 7 118
4841 23
4842 454
4843 7
4844 776
4845 325 389
4846 287
4847 128 278 1287
4848 7
4849 635 1212
4850 22 165 702
4851 24
4852 7
4853 128
4854 7
4855 7 1403
4856 7
4857 298
4858 7 104
4859 31
4860 250
4861 24 245 1568
4862 26
4863 7
4864 22 24 83 157
4865 66
4866 128 1028
4867 31 157
4868 7
4869 7
4870 7
4871 7 118 230
4872 7 24 230
4873 7
4874 7
4875 7
4876 298
4877 1142
4878 7
4879 7
4880 7
4881 22
4882 1337
4883 23 873 1142
4884 7 170 325
4885 992
4886 128
4887 24 325 432
4888 7
4889 23 272
4890 287
4891 24
4892 1148
4893 7
4894 7
4895 7
4896 7
4897 7
4898 31
4899 7
4900 325 451
4901 298 1326
4902 7
4903 7 26
4904 7
4905 7 292 512 665
4906 329
4907 298
4908 190
4909 23
4910 22
4911 22 157
4912 7
4913 7
4914 7
4915 281 432
4916 7
4917 7
4918 1256
4919 24 954
4920 1271 1386
4921 7 24
4922 23
4923 165
4924 7
4925 22
4926 451
4927 22 128
4928 298
4929 7 339
4930 23
4931 26
4932 186 188 189
4933 22 24 325 579 1448
4934 250
4935 325
4936 7
4937 287
4938 7
4939 298
4940 432 914 1350
4941 7 24
4942 22 23 24 32 128 165 339
4943 26
4944 7 22 23 31 250 287 353
4945 190
4946 7
4947 22
4948 7
4949 7
4950 31
4951 790 873 1546
4952 7
4953 7
4954 1256
4955 7 24
4956 329
4957 7
4958 22 165 328
4959 329
4960 24
4961 7
4962 7 22
4963 325
4964 24
4965 7 22 23 993
4966 22
4967 1447
4968 298
4969 7
4970 165 749
4971 7
4972 22
4973 7
4974 190
4975 24
4976 7
4977 7
4978 7
4979 23 31 75 128
4980 7
4981 7
4982 7
4983 1469
4984 328 749
4985 1498
4986 170
4987 7 22
4988 24 1380
4989 7
4990 24 451
4991 7
4992 7
4993 32 325
4994 1528
4995 75 128 237 339
4996 7 1256
4997 7 22
4998 1498
4999 23
5000 128 328
5001 7
5002 873
5003 454
5004 7
5005 7
5006 7
5007 7 1569
5008 7 22 24
5009 7 24
5010 7
5011 7 1569
5012 7
5013 22
5014 365 521
5015 1 7 22 24 230 298 432 993
5016 7
5017 7
5018 128
5019 37
5020 454
5021 7 31 32 762 993
5022 165
5023 7
5024 7 188 1199 1500
5025 24
5026 7
5027 7 24
5028 26 190
5029 7
5030 22
5031 7
5032 7
5033 7
5034 7
5035 24
5036 7
5037 1151
5038 7
5039 7
5040 7 649 993
5041 7
5042 31 389
5043 24
5044 7
5045 7
5046 287
5047 23
5048 1571
5049 1572
5050 250 353 917 954 1434 1458 1568
5051 1498
5052 298
5053 1498
5054 793
5055 7 24 1458 1566
5056 1165
5057 287
5058 7
5059 75 128 165 178 241 284 702 1359 1550 1571 1574
5060 7
5061 1577
5062 190
5063 494
5064 7
5065 7
5066 329
5067 7 24 278
5068 23
5069 22 1470 1489 1490
5070 7
5071 7 24 298 325
5072 7
5073 22 298
5074 7
5075 7
5076 7 22 24
5077 23 272 287 1369
5078 7
5079 7 24
5080 1142
5081 7
5082 22 328
5083 7
5084 104
5085 598
5086 7
5087 7
5088 329
5089 1498
5090 704
5091 7
5092 118 1447
5093 1555
5094 454
5095 7
5096 24 325 993
5097 7
5098 7
5099 7
5100 454
5101 1575
5102 23 157 702
5103 1555
5104 598
5105 24 328 749
5106 31 272
5107 454
5108 7
5109 7
5110 22
5111 170 1134
5112 22 23 241 287
5113 1142
5114 7
5115 1566
5116 7
5117 22 23 165
5118 7
5119 128 165 178 284 491 654 1142 1359 1550 1571 1575 1576
5120 7
5121 329
5122 7
5123 7
5124 1028
5125 1
5126 24
5127 1559
5128 281
5129 26 1441
5130 1562
5131 7
5132 1555
5133 23
5134 7
5135 7
5136 7
5137 7 1578
5138 287 873
5139 328
5140 7 128 1279
5141 7
5142 298
5143 454
5144 7 1580
5145 26
5146 7 22 75 165 178 190 237 278 287 328 749
5147 1225
5148 7
5149 7 287
5150 1498
5151 7
5152 7
5153 31
5154 24 245
5155 7
5156 26 298
5157 24
5158 22
5159 1464
5160 329
5161 22
5162 7
5163 7 250
5164 7 24 75
5165 31
5166 328
5167 298
5168 7
5169 170
5170 23
5171 1543
5172 329
5173 451
5174 24
5175 298
5176 24
5177 1028 1165
5178 24
5179 7 22 703
5180 1498
5181 7
5182 873
5183 7
5184 7
5185 24 26
5186 1555
5187 1
5188 7 1435
5189 298
5190 7
5191 7
5192 7
5193 454
5194 24
5195 329 749
5196 1581
5197 7
5198 454 992
5199 7
5200 7
5201 579
5202 24 702 790 1338
5203 873
5204 1566
5205 454 992
5206 241
5207 278 1434
5208 7
5209 7 23
5210 24
5211 24
5212 128
5213 7
5214 586 1566
5215 7
5216 7
5217 7 22 170 1134
5218 7
5219 165
5220 454
5221 32 287
5222 7
5223 7 649
5224 454
5225 7
5226 1555
5227 749
5228 24
5229 7
5230 7
5231 23 287
5232 992
5233 7
5234 1498
5235 7
5236 7
5237 7
5238 7
5239 7
5240 7
5241 1559
5242 7 24
5243 7 873
5244 7
5245 31
5246 7 287 1582
5247 7 32
5248 7
5249 1528 1582
5250 7
5251 749
5252 7
5253 7
5254 454
5255 749 1515 1584
5256 23 170
5257 7 23 287
5258 7
5259 7
5260 22 157
5261 22
5262 24
5263 7 23 31
5264 1543
5265 7
5266 1498
5267 24
5268 24
5269 7 649
5270 749
5271 278 298
5272 23
5273 7
5274 23
5275 7 22
5276 128
5277 790
5278 328
5279 178
5280 7
5281 7
5282 7
5283 7
5284 454
5285 7
5286 23
5287 7 22
5288 7
5289 128
5290 7
5291 1134 1434
5292 7
5293 1585
5294 325
5295 22 24 1490
5296 26 749
5297 128 165 992 1260
5298 1557
5299 749
5300 7
5301 287
5302 454
5303 7
5304 7
5305 1310
5306 7
5307 1310
5308 7
5309 22 328
5310 7 24
5311 454
5312 1502
5313 7
5314 287 454
5315 178
5316 272
5317 1498
5318 7
5319 22 23
5320 7
5321 26
5322 454
5323 7
5324 75 81 665 916 985 1453
5325 873
5326 454 920
5327 287
5328 23
5329 7 26
5330 7
5331 24 598 1586
5332 7 22
5333 7
5334 7 22 450
5335 454
5336 7
5337 287
5338 7
5339 22 24
5340 7
5341 118 170 762 1134
5342 920
5343 7 22
5344 7 75
5345 1434
5346 7 450
5347 7
5348 7
5349 31
5350 7 649 1418
5351 165 702 954 1338 1349
5352 7
5353 298
5354 23
5355 1542
5356 22 1245
5357 7
5358 856
5359 287 790
5360 7
5361 7 128
5362 7
5363 7
5364 22 24
5365 7
5366 7
5367 454
5368 873
5369 7
5370 7 1562
5371 7 993
5372 23 31 492 695
5373 325
5374 24
5375 325
5376 1559
5377 298
5378 22 1338
5379 23 170 328 491 654 749 1369 1545 1574
5380 454
5381 23
5382 586
5383 22 66 873
5384 24
5385 7
5386 7
5387 287 365
5388 454
5389 22 23 24
5390 7
5391 7 649
5392 329
5393 7
5394 22
5395 7 287
5396 454
5397 454
5398 23
5399 873
5400 993
5401 26 31
5402 873 1546
5403 7
5404 298
5405 1585
5406 873
5407 7
5408 7 298
5409 24
5410 7 22
5411 1587
5412 7
5413 1521
5414 324
5415 7
5416 165
5417 22
5418 23 66
5419 7
5420 7
5421 7
5422 7 649
5423 454
5424 22 23
5425 873 1546
5426 24
5427 7
5428 736
5429 7 22 24
5430 7
5431 704 993
5432 287 1279
5433 7
5434 24
5435 7
5436 7
5437 7
5438 1588
5439 190 250 1390
5440 7
5441 1142
5442 298
5443 287
5444 74
5445 992
5446 81 287 1337 1590
5447 23 157
5448 1570
5449 1569
5450 7
5451 920
5452 7
5453 23
5454 157 1417
5455 7
5456 7
5457 7
5458 7 649
5459 118 551
5460 7
5461 7 128 512
5462 7
5463 24
5464 7
5465 1448
5466 170
5467 7 22
5468 7
5469 7
5470 1585
5471 7
5472 7
5473 1434 1528
5474 1562
5475 7
5476 873 1546
5477 165 241 353 702 703 790 935 1287 1338 1458
5478 7 1448
5479 7 190 287
5480 749
5481 7
5482 389 454
5483 993 1592
5484 7
5485 24
5486 7
5487 31
5488 7
5489 128 454
5490 1528
5491 7
5492 7
5493 7
5494 7
5495 7
5496 128
5497 170
5498 32
5499 22
5500 325
5501 1199
5502 993
5503 32
5504 7
5505 454
5506 7
5507 454 992 1369
5508 7
5509 7 170
5510 1142
5511 1502
5512 1528
5513 7 598 1368
5514 22 1338
5515 7 649
5516 873
5517 7
5518 7
5519 272
5520 7 24 649 1354
5521 7
5522 165
5523 1593
5524 7
5525 7 287
5526 7 24 118
5527 7
5528 128 165
5529 702 873
5530 190
5531 7
5532 22 157 328
5533 7
5534 7
5535 7
5536 1523
5537 7
5538 7
5539 7
5540 23 24 40 432 1134 1208
5541 7
5542 24
5543 7
5544 23 272 287
5545 812 884
5546 128
5547 7
5548 22
5549 7
5550 22
5551 7
5552 272
5553 1594
5554 118
5555 23
5556 7
5557 7
5558 24
5559 22
5560 24
5561 7 23
5562 454 1582
5563 7
5564 7 512 1447
5565 287
5566 7
5567 7
5568 7 22 24 75 118 649
5569 32
5570 328
5571 454
5572 649
5573 7
5574 7 298 649
5575 7
5576 298
5577 7
5578 7 873
5579 165
5580 7
5581 22
5582 7
5583 7
5584 812
5585 749 1217
5586 7
5587 7
5588 7
5589 7
5590 23 1417
5591 22 325 439
5592 353
5593 7 22
5594 22 1338 1490
5595 7
5596 24
5597 66 873
5598 7 24 749
5599 1 118 389 1350
5600 7
5601 454
5602 454 1380
5603 7
5604 749
5605 1134
5606 7
5607 7 24
5608 24
5609 7
5610 24 873
5611 7
5612 22
5613 23 165 702
5614 491
5615 165
5616 22
5617 7
5618 24
5619 157
5620 7
5621 7
5622 7
5623 7
5624 7 24 165
5625 1032
5626 7
5627 325
5628 250 790
5629 7
5630 7
5631 7
5632 7
5633 649
5634 7
5635 165
5636 7 24 118
5637 7
5638 7
5639 873 881
5640 491
5641 7
5642 7
5643 7
5644 24
5645 7
5646 7
5647 7
5648 916
5649 7 1573
5650 7
5651 7
5652 7
5653 66 454
5654 7
5655 1595
5656 22
5657 24
5658 7
5659 7 649 993
5660 22 24
5661 7
5662 7
5663 325
5664 7
5665 7
5666 7
5667 454
5668 7
5669 7
5670 22
5671 7 22
5672 165 1595
5673 165 702 1369
5674 250 790
5675 7 24
5676 7 75 81 170 247 450 492 953 1148 1490 1596
5677 7 23
5678 7
5679 22
5680 24
5681 7
5682 325 432 881
5683 298
5684 23
5685 24
5686 1595
5687 22
5688 7
5689 7
5690 7
5691 7 170
5692 22
5693 7
5694 7
5695 454
5696 7
5697 7
5698 23
5699 23 128
5700 186
5701 7
5702 762
5703 7
5704 7
5705 24
5706 7
5707 7
5708 454
5709 7
5710 7
5711 7
5712 7
5713 7
5714 7
5715 7
5716 7
5717 23 328 1338
5718 7
5719 187
5720 7
5721 22
5722 7
5723 7
5724 7
5725 24
5726 7
5727 7
5728 7
5729 7
5730 7
5731 24 749 1597
5732 7
5733 24
5734 7
5735 749
5736 1595
5737 284
5738 7 914 993 1279
5739 24
5740 7 450
5741 7
5742 23
5743 7
5744 7
5745 128 190
5746 24
5747 7
5748 7 1482
5749 7 649
5750 7
5751 7
5752 7
5753 128
5754 7
5755 7
5756 298
5757 7
5758 7
5759 7
5760 7
5761 7
5762 7
5763 250 1242
5764 23 325 339
5765 1151
5766 454
5767 7
5768 325
5769 24
5770 7 649
5771 23
5772 7
5773 7 22
5774 7
5775 454
5776 749
5777 24
5778 298
5779 23
5780 23
5781 24
5782 7
5783 7
5784 7
5785 7
5786 7
5787 7
5788 7
5789 7
5790 7
5791 7
5792 7
5793 7
5794 7
5795 7
5796 7
5797 1595
5798 287 389
5799 749
5800 454
5801 873 881 1598
5802 24
5803 7
5804 749
5805 7
5806 7
5807 7 325
5808 7 23
5809 23 1566
5810 7
5811 24
5812 325
5813 272
5814 7 649
5815 7
5816 454
5817 7 1592
5818 7
5819 32 170 287
5820 24 298 649 749 992
5821 325
5822 7
5823 454
5824 7
5825 7 993
5826 7 287
5827 7
5828 7
5829 454
5830 22
5831 7
5832 298
5833 325
5834 7
5835 7
5836 128 165
5837 22
5838 1595
5839 7
5840 454 914
5841 298
5842 7
5843 24 165 298 914 993 1271 1447
5844 7
5845 7
5846 649
5847 22 749
5848 7
5849 7
5850 272
5851 7 450 1435
5852 7
5853 7
5854 7
5855 32
5856 7
5857 24 654
5858 128 165
5859 23
5860 7
5861 1151
5862 7
5863 24
5864 7
5865 24
5866 23
5867 7 24 165 178 278
5868 7 237
5869 897
5870 7
5871 24 325 914
5872 325
5873 24
5874 298 579
5875 7
5876 128
5877 7
5878 287
5879 7 914
5880 7
5881 7
5882 7 23 287 1279
5883 7
5884 7
5885 128
5886 7 339
5887 22
5888 7
5889 7
5890 24
5891 23 298
5892 7
5893 7
5894 23
5895 7
5896 24
5897 23
5898 1502
5899 1287
5900 178
5901 23
5902 881
5903 7
5904 1419
5905 7
5906 7 649
5907 7
5908 7
5909 1550
5910 7 450
5911 24 237
5912 1483
5913 287
5914 81 287
5915 454
5916 7 237
5917 7
5918 7
5919 165 1595 1600
5920 1434
5921 749 1566
5922 1577
5923 23
5924 7
5925 24 897 1488 1601
5926 7
5927 24
5928 24 328 1321
5929 7
5930 325 649
5931 66 157
5932 7 993
5933 7
5934 7
5935 7
5936 23
5937 749
5938 287
5939 7
5940 7
5941 7 24 1199
5942 7
5943 7
5944 7
5945 7
5946 454
5947 7 118
5948 128 165 328 1600
5949 23
5950 7 128
5951 353 454
5952 24 1512
5953 7
5954 7
5955 7
5956 454
5957 7
5958 7
5959 24
5960 24
5961 7
5962 897
5963 7
5964 494
5965 128 165 328 739 749 1583 1603
5966 24
5967 23
5968 24
5969 454
5970 7
5971 23
5972 22 24
5973 7
5974 7
5975 649
5976 7
5977 7
5978 7
5979 24
5980 24
5981 24
5982 165 325 914 1447
5983 7
5984 7
5985 7
5986 1369
5987 24
5988 649 1604
5989 7
5990 7
5991 22
5992 7
5993 7 325 1605
5994 7
5995 7
5996 7 450 649
5997 7
5998 454
5999 278
6000 454
6001 7
6002 7
6003 749
6004 7
6005 7
6006 993
6007 7
6008 81
6009 7
6010 7 22 24
6011 7 24 873
6012 7
6013 23 24 157 328 1606
6014 287
6015 7
6016 7
6017 7
6018 7
6019 7
6020 7
6021 7
6022 7
6023 7 23 24 81 118 450 649 749
6024 7
6025 702
6026 165
6027 7
6028 7
6029 24
6030 7
6031 454
6032 24
6033 992
6034 24
6035 389
6036 7
6037 7
6038 7
6039 7
6040 7 450
6041 23
6042 128
6043 7
6044 7
6045 7
6046 7
6047 7 450
6048 23 128
6049 7
6050 23
6051 325 450 1435
6052 7 649
6053 23 287
6054 24 454 702 1536 1568
6055 7
6056 128 167
6057 24
6058 24
6059 23 24 128 165 287 328 749 1509 1603
6060 7
6061 7
6062 7
6063 649
6064 7
6065 7
6066 23 24 914
6067 23
6068 23
6069 7
6070 7
6071 439 454
6072 7 287
6073 24 935
6074 23
6075 7
6076 23
6077 1545
6078 7 24 432
6079 23
6080 7 23 1605
6081 23
6082 7
6083 165 702 749 1338 1595
6084 287
6085 7
6086 7
6087 7
6088 7
6089 165
6090 7
6091 749
6092 7
6093 22 23 24 287 328 702 749 1447 1571
6094 7 24
6095 23
6096 7
6097 23
6098 7 1580
6099 7
6100 7
6101 7
6102 7
6103 23 287
6104 165 328 749 1287
6105 7
6106 7
6107 167
6108 7
6109 1580
6110 7
6111 24
6112 7
6113 24
6114 287
6115 7 649
6116 7
6117 7
6118 24 749 1458
6119 7
6120 325
6121 7 189
6122 24
6123 7
6124 7
6125 7
6126 7
6127 7
6128 24
6129 432 454
6130 7
6131 454
6132 702 1522
6133 7
6134 7
6135 325
6136 298
6137 7
6138 7
6139 7
6140 7
6141 7
6142 7
6143 749
6144 7 749
6145 7
6146 7
6147 7 649
6148 432
6149 7
6150 287
6151 7
6152 7
6153 24
6154 23
6155 81 1607
6156 7 532
6157 7
6158 1287
6159 7
6160 7
6161 7
6162 7
6163 165 454 914 1350
6164 7
6165 325
6166 284
6167 7
6168 7
6169 7
6170 1483
6171 7
6172 23
6173 7
6174 1287
6175 23 167
6176 7 118
6177 7
6178 128 165
6179 7
6180 7
6181 7
6182 7
6183 1599
6184 7
6185 23 1608
6186 7 278
6187 7
6188 7
6189 7
6190 7
6191 7 292 665 985
6192 7
6193 7 278
6194 7
6195 7
6196 7
6197 7
6198 7 24 128 1279
6199 7 292 649
6200 7
6201 7
6202 7
6203 7 73 298 736
6204 7 325
6205 298
6206 7
6207 7
6208 7
6209 7
6210 7 649 1545
6211 7
6212 7
6213 189
6214 7
6215 23 454
6216 7
6217 7
6218 7
6219 7
6220 7
6221 24 325
6222 7
6223 7
6224 7
6225 7
6226 909
6227 7 278
6228 118
6229 7
6230 7 237
6231 24
6232 7 24 118
6233 22 23 24 83 157 1605
6234 23 546 1158 1417
6235 23
6236 7
6237 7
6238 7
6239 157 914
6240 287
6241 7
6242 7
6243 7 287
6244 325 649
6245 7
6246 749
6247 7 325 649
6248 532
6249 287
6250 1527
6251 7
6252 7
6253 7
6254 7
6255 7
6256 7 649
6257 24 749
6258 749
6259 1085
6260 7
6261 165
6262 24
6263 287
6264 7
6265 7
6266 7
6267 7
6268 157
6269 7
6270 24 325
6271 24
6272 749
6273 7
6274 432
6275 7
6276 7 365
6277 7
6278 7
6279 7
6280 7
6281 749
6282 7
6283 7
6284 7
6285 7 24 284 1447
6286 7
6287 298 914
6288 7
6289 7
6290 7 287
6291 7
6292 7
6293 325 993 1447
6294 7
6295 7
6296 23
6297 7
6298 23
6299 325
