0 0
1 1
2 1
3 2
4 3
5 4
6 1
7 5
8 6
9 7
10 1
11 1
12 1
13 8
14 9
15 1
16 10
17 11
18 1
19 12
20 1
21 1
22 1
23 13
24 14
25 15 16
26 1
27 10
28 1
29 17
30 18 19
31 20
32 21
33 22
34 1
35 1
36 1
37 17
38 23
39 24 25
40 10
41 1
42 10
43 26
44 27
45 1
46 28
47 29
48 6 17
49 10
50 1
51 10
52 1
53 1
54 18 21 25 31
55 6
56 10
57 1
58 32
59 10
60 1
61 33
62 34
63 1
64 10
65 1
66 35
67 18 30
68 1
69 1
70 35
71 37
72 10
73 38
74 36 39
75 18
76 1
77 35
78 1
79 10
80 37
81 40 41 42 43
82 37
83 18
84 44
85 35
86 45
87 1
88 46
89 15
90 47
91 18 19
92 37
93 48
94 35
95 6 30 49
96 2
97 50
98 21 51
99 38
100 37
101 52
102 6
103 53
104 54
105 35
106 17
107 55
108 37
109 56
110 36
111 6
112 57
113 6
114 57
115 58
116 30
117 57
118 59 60
119 25 61 62
120 64 65
121 57
122 6 52
123 68 69
124 57
125 61
126 70
127 6
128 57
129 16
130 41 72
131 57
132 6 73 74
133 75 76
134 6
135 44
136 77
137 78
138 79 80
139 82 83 84
140 85 86 87
141 88
142 9
143 89
144 21 90
145 6 91 92
146 2 9
147 93
148 9
149 74
150 68
151 9
152 1 94
153 12
154 44 95
155 6
156 37
157 37
158 96
159 57 97
160 25
161 98
162 99
163 36
164 100
165 101
166 102
167 103
168 94
169 104
170 105
171 6 106 107 108
172 106
173 109
174 110
175 111
176 6
177 57
178 37
179 6
180 57 112
181 113 114
182 6 115
183 57
184 37
185 116
186 16
187 117 118
188 57
189 6
190 57
191 119
192 25
193 57
194 9 120
195 9
196 57
197 122 123
198 124 125
199 57 66
200 41
201 126
202 127
203 110 128 129 131
204 2 132
205 57 132 133
206 134
207 71 135
208 57
209 6 137
210 138
211 41 139
212 140
213 30 64 141 142
214 57
215 63
216 144 145
217 139
218 57
219 146
220 148
221 6 149
222 6
223 6 74 150 151
224 152 153 155
225 82 156
226 25
227 157
228 158
229 21 160 161 162
230 163
231 21 156
232 164 166
233 167
234 51
235 167
236 11
237 168
238 30 36 169
239 57 132 170 171
240 172
241 21 25
242 30
243 57 66 173 174
244 6 25 175 177
245 178
246 2 179
247 180
248 85 182 183
249 25 30 184 185 186 187 188 189
250 190
251 191
252 184
253 44
254 192
255 193
256 194
257 195
258 25 196
259 197 198
260 199
261 200
262 51
263 57 66 132 171 202
264 25 30 57 163
265 21 203
266 204 205 206 207 208 209 210
267 6 211
268 52
269 212
270 51
271 213
272 17
273 213
274 214
275 215
276 216
277 217
278 218
279 219
280 173
281 22 220 221 222
282 9 25 36 223
283 224
284 218
285 225
286 8 21 226
287 227
288 43
289 6 43 127 149 229
290 230
291 21 127 161 197 231
292 232
293 136
294 233 234
295 235
296 6 236
297 237
298 238
299 0 6 8 239 240
300 241 243
301 23 30 80 244
302 245
303 0 2 15 30 52 74 246 247 249 250
304 17 25 30 251
305 21
306 252 253 254 255 256
307 252 253
308 252 253
309 167
310 257
311 71
312 228 258
313 254
314 22
315 261
316 21 23 74 262
317 258
318 6 25 153 263
319 264
320 265
321 84
322 75 243
323 266
324 267
325 265
326 21 123 165 268 269 270
327 193
328 7
329 193
330 271
331 272
332 84 156 162
333 193
334 42
335 273
336 275
337 162
338 266
339 161
340 276
341 6 15
342 9
343 57 277 278
344 23 25 149 155
345 51 147 163
346 6 149
347 25 30 57 173
348 279
349 44
350 281 282
351 225
352 283 284
353 286 287 288
354 289
355 290
356 22 286 291 292 293
357 295
358 296
359 298
360 22 25 30 143 222 299 300
361 302
362 303
363 304 306
364 298
365 252
366 30 127 236 307 308 309
367 60
368 84 310
369 311
370 90 312 313 314 317 318 319
371 320
372 321
373 322
374 44
375 292
376 323
377 6
378 24
379 106
380 84
381 165 326
382 23 25 329
383 6 23
384 331
385 25 30 332
386 16 333
387 334
388 22 271 286 335
389 336
390 127
391 337
392 25 30 36 143 155 338
393 6 143 236 248 340 341 342
394 16 343
395 163
396 345
397 6 23 25 30
398 346
399 99
400 347
401 6
402 348
403 281
404 257
405 349
406 21
407 6
408 350
409 6
410 351
411 0
412 236
413 236
414 21 22 352
415 20
416 353
417 354
418 355
419 6 39 86 136
420 292
421 41
422 257
423 356
424 103
425 358
426 22 294 359 360 361
427 156 362
428 364
429 25 30 143 163 365 367
430 358
431 0 238 250
432 21 64 141 369 370
433 369
434 10
435 30 143 365 366 368
436 371
437 288
438 226 239
439 30 372 373
440 63
441 374
442 110
443 375
444 1
445 285
446 376
447 10
448 10
449 106
450 0 6 30 149 377
451 288
452 15 39 41 229
453 10
454 298 378
455 10
456 10
457 52
458 114
459 298
460 10
461 10
462 10
463 10
464 22 86
465 379 380 383 384 385
466 114
467 10
468 10
469 10
470 10
471 10
472 10
473 10
474 10
475 386
476 51
477 387
478 6 73 74
479 52
480 389
481 6
482 30 251
483 390
484 391
485 30 41 99 156 257 392 393 394 395 397 398 400 402
486 6
487 10
488 10
489 404
490 10
491 10
492 10
493 10
494 10
495 10
496 405
497 10
498 406
499 407
500 408
501 60
502 6 409
503 410
504 411
505 25 30 52 60
506 364
507 412
508 10
509 414
510 6 415
511 382 383 417
512 418 419
513 420
514 10
515 6 421
516 17
517 422
518 423
519 31 424 425
520 426
521 383 427
522 1
523 298 428
524 429
525 430
526 431
527 6
528 420 433 434
529 44
530 436
531 437
532 430
533 73 74
534 152 302
535 438
536 439
537 6 64
538 440
539 30 372
540 441
541 6 74 147
542 442 443
543 6
544 23 444
545 445
546 6
547 222
548 6
549 446 447
550 6
551 0 388 448 449 450 451 452
552 10
553 6
554 453 454 455
555 2
556 6 17 23
557 456
558 6
559 456 457
560 2
561 6 25
562 2
563 10
564 6
565 458
566 292 459
567 10
568 376
569 21 30 82 83 156 161 227 460
570 22 24 461
571 462
572 128 249 464 465 466 467 468 470 471
573 22
574 6
575 248
576 6
577 197
578 472 473
579 474
580 17 25 30 143
581 22 323
582 475
583 337
584 29 364 477
585 478
586 22 479
587 6
588 25
589 25 156
590 376
591 163
592 480
593 39 481
594 8
595 8 24 343
596 6
597 483 484 485
598 486
599 487
600 489
601 439
602 6
603 439
604 21 156 372
605 6
606 490
607 493
608 493
609 6 479
610 494 495
611 496
612 497 498 499 500 501
613 503 504
614 22 294 359 360 505
615 506 507
616 508
617 509
618 18
619 511
620 508
621 292 512
622 21 455
623 23 30 169 244 372 513 514 515 516 517
624 6
625 518
626 519
627 23 40 127 346 520
628 36 143 437
629 522
630 6
631 62
632 6 52
633 21
634 523
635 117
636 6 151
637 524
638 96
639 103
640 6
641 6 229
642 525
643 30 526
644 36
645 6
646 163
647 387
648 21 22 25
649 144 527
650 6 74 136 222 286 528 529
651 408
652 10
653 6
654 79
655 530
656 531 532 533
657 96 103 117 534
658 10
659 30 52
660 535
661 6 149
662 536 537
663 25 30 36 465
664 21 156
665 421
666 287
667 538
668 6
669 6
670 6
671 147 364 441 539 540 541
672 49
673 10
674 156
675 233 234 542
676 10
677 543 544
678 63
679 6
680 518
681 103
682 6 21 30 52
683 6
684 25
685 6 25
686 6 123
687 6 30 112 211 341 463 546 547
688 63
689 548
690 17
691 549
692 57 66 170 551
693 63
694 10
695 23 25 42 52 552 553 554 555
696 17 21 165 437
697 487 488
698 10
699 557
700 302
701 25 226 321
702 25 30 558
703 559 560
704 10
705 227 460
706 25 561
707 562
708 162 564
709 79 462 565
710 145 330 566
711 567 568
712 292
713 51 570 571
714 6
715 161
716 6
717 25 323
718 572
719 10
720 10
721 573
722 574
723 23 79 343 575
724 556 577
725 30 74 248 479 578 579 580
726 581
727 17
728 172 479 580 582
729 309 346 583
730 6 99 584
731 6
732 10
733 249 585 586
734 172 292 587
735 79 588
736 55
737 42
738 10
739 589
740 6
741 17 251
742 39
743 590
744 222 335
745 6 136 325 591
746 2 49
747 25
748 286 335
749 6 39 136 409
750 592
751 376
752 10
753 30
754 0 593
755 387
756 6 151
757 10
758 21
759 594
760 10
761 242
762 340 593 595
763 596
764 236
765 151 597 598 599
766 21 25 600
767 6
768 601
769 49
770 6 151
771 376
772 6 103
773 6 23
774 602
775 17
776 409
777 603 605 606
778 25
779 607
780 10
781 25 36 251 609
782 6
783 103
784 610
785 10
786 337
787 103
788 81
789 75
790 480 612
791 442 613
792 562
793 17
794 17
795 10
796 233 542
797 83
798 52
799 614
800 52 117 123 615
801 21 156 295 513 567
802 616 618
803 10 249 619 620
804 6 15 238 409 622
805 25
806 99 448
807 10
808 6
809 25
810 39 75 190 248 340 350 624
811 21 30 156 564
812 337
813 25 30 36 251
814 10
815 10
816 6 30
817 383 625 626 627
818 628
819 6 21 25 60 136 143 165 169 177 248 325 630
820 376
821 631
822 162
823 6
824 631
825 6
826 21
827 10
828 632
829 455
830 359 360
831 10
832 6
833 44
834 284 369 633
835 22
836 25 30
837 246
838 21 30 165
839 634
840 6 635
841 30
842 103
843 103
844 49
845 636 637
846 6
847 421 439 639
848 372 640
849 6
850 284
851 641
852 22 490
853 642
854 25
855 277
856 641
857 241
858 25
859 163
860 21 30
861 643
862 6
863 644 645 646
864 147
865 52 647
866 21 203
867 6 49
868 25
869 6 149 649
870 6 650
871 10
872 346 649
873 387
874 10
875 651
876 302
877 141 564
878 651
879 302 382 416 652
880 6 15
881 302 382
882 576
883 6
884 653
885 45 82 83 564 567
886 6 25 68 177 655 656
887 302
888 6
889 657
890 21 156
891 381 382 383 427 652 658 659 660 661 662 663
892 22 172 286 541 666 667 669 670
893 671
894 94 672 673
895 639
896 21 25 71 523 556 583 674
897 676
898 6
899 25 60
900 94
901 83
902 677
903 6 25
904 238 373 678 679
905 222 286
906 10
907 103
908 21 127
909 681
910 172 286 292 293 682 683
911 684
912 21 685
913 52 103 372 572
914 686
915 21 248 687 688 689 690
916 6
917 23
918 692
919 203 693
920 593
921 16 71
922 271 335 694 695
923 39 372 640
924 696
925 10
926 30 697 698
927 651 699
928 81
929 593
930 94 700
931 6 94 127 147 164 220 244 307 324 362 421 701 702 703 705 706 707 708
932 523
933 25
934 6
935 8
936 29 51 163 249 343 363 364 619 709 710 711 712 714
937 17 30
938 715
939 716
940 16
941 436
942 716
943 30 698
944 10
945 147 363 655 705 718 719
946 17
947 10
948 10
949 10
950 720
951 593
952 10
953 10
954 172 292 293 721
955 103
956 723
957 6 725
958 10
959 372 698
960 10
961 584 726
962 727
963 728
964 22 86 490
965 479
966 21 45 82
967 60
968 6 151 449 730
969 323 731 732
970 6 136 409
971 734
972 6 21 99 735 737
973 17
974 99
975 726 738 739 740
976 10
977 436
978 52 687
979 10
980 436
981 741 742
982 729
983 10
984 83 156
985 742
986 25
987 743
988 10
989 493
990 10
991 220
992 17 529
993 21 156 745
994 746
995 747
996 16 619
997 25 30 251 748
998 694
999 144
1000 750
1001 8 226
1002 751
1003 752
1004 30
1005 751 753
1006 21 30
1007 21 465
1008 754
1009 10
1010 83 84 156 567 755
1011 6
1012 6
1013 17
1014 619
1015 25 30 640 756
1016 16 52
1017 6
1018 6
1019 17
1020 6 723
1021 23
1022 387
1023 144
1024 39 493
1025 6 149 757 758
1026 31 364 706 759
1027 79
1028 760
1029 39 91 761
1030 762
1031 17 21 25 161
1032 462
1033 211
1034 6
1035 6
1036 10
1037 287
1038 763
1039 628
1040 25
1041 21
1042 6
1043 25
1044 409
1045 6
1046 23 30 244 249 718 765 766 767 768 769
1047 770
1048 59 751 753
1049 21
1050 52 117
1051 612
1052 103
1053 30 756
1054 685
1055 729
1056 23 123 421
1057 6
1058 25 638 771
1059 6
1060 6 772
1061 481
1062 52 773
1063 16 343
1064 74 774 775 776 777
1065 6
1066 80
1067 25
1068 30 143
1069 372 640 698
1070 6
1071 156 226
1072 778 779
1073 754
1074 780 781 782
1075 6
1076 123
1077 783
1078 25 30 619
1079 22 30 372
1080 52
1081 22
1082 784 785 786 787
1083 25 30 49 52
1084 25 30 789
1085 791
1086 387
1087 311 723
1088 723
1089 10
1090 10
1091 25 197 264 486 506 564 792 793 794 795 796 797 798 800 801 804 805 806
1092 10
1093 10
1094 807
1095 729
1096 6 25 30 36 143 248 449 543
1097 25
1098 6
1099 481 808
1100 437
1101 249
1102 25
1103 687 810
1104 39
1105 246
1106 25 506 811
1107 812
1108 619
1109 36 60
1110 814
1111 773
1112 16
1113 25 30
1114 25 815
1115 816 818
1116 16 25
1117 16
1118 16 21 156 819 820 821
1119 103 534 672 822
1120 823
1121 729
1122 3
1123 6
1124 824
1125 25 143 523 825
1126 439
1127 723
1128 11
1129 21
1130 6 30
1131 21
1132 826
1133 225
1134 752
1135 117 229 623 746
1136 6 136
1137 36 789 827
1138 593 828
1139 6
1140 578 619
1141 6
1142 17 21 25 30 123 372 830 831 832 834 835 836
1143 156 837
1144 508
1145 838
1146 7 158 839 840 841 842 843 844 845 846
1147 25
1148 6 21 244 323 638 729 847
1149 812
1150 31 558 684 706 759 848 849
1151 21
1152 249 372 493 789 850 851
1153 6 852
1154 6 16 60 151
1155 17
1156 6 73 151 853
1157 376
1158 23
1159 127 855
1160 96
1161 127 352
1162 6 325
1163 226
1164 409
1165 21 856
1166 25
1167 84 156
1168 857
1169 25 30
1170 31 51 52 147 364 756 759 816 859
1171 236 860 861
1172 812
1173 812
1174 242
1175 812
1176 271
1177 6 73 74
1178 25 638 687
1179 17 290
1180 25 789
1181 63
1182 8 21
1183 638 862
1184 21
1185 481
1186 251
1187 25 93 222 335 372 706 863
1188 25 103
1189 6
1190 735
1191 292 293 866
1192 6 25 151 473 826
1193 21 23 25 30
1194 21
1195 82 123 867
1196 868
1197 165 323
1198 21 25 155 286 698 869
1199 599 870
1200 16
1201 30
1202 6 871
1203 6 698 759 873
1204 25
1205 6 25 39
1206 6 73
1207 874
1208 6 39 151 308 409 558 602 759
1209 481
1210 439
1211 6 136 623
1212 875
1213 21
1214 21
1215 21
1216 6 876
1217 226
1218 16 110 619
1219 877
1220 6
1221 6 372
1222 25
1223 25
1224 25 127 165 249 286
1225 30 372 698 878
1226 346
1227 0 879
1228 880 881
1229 144
1230 351 882
1231 25 30 52 465 793 796 883 884
1232 6 30 84 156 372
1233 6 21 23 25 30
1234 17
1235 882
1236 886
1237 723
1238 147 249 363 718
1239 6 52 151 268 481 876 887
1240 337
1241 888
1242 6 886
1243 16
1244 49 481 698
1245 25
1246 508 874 889
1247 6 30 613
1248 455
1249 94 165 830 890
1250 30
1251 21 156
1252 23
1253 22 260 490 892 893 894
1254 529 876
1255 25 249 789 895
1256 16 30 343 388 789 864
1257 17 21 23 227 829 896 897 898 899 900 901 902
1258 6 25 903
1259 16 30 343
1260 6 21 25 94 123 136 229 481 905
1261 874
1262 25 94 149
1263 22 360
1264 68 906
1265 875
1266 907 908
1267 906
1268 909
1269 308 751
1270 699 910
1271 21 249 460 463 547 564 911 912
1272 465 803
1273 6 30 372 397 486 913
1274 161
1275 21 82 127 156 558
1276 914
1277 30
1278 52 619
1279 915
1280 36 52 916 917
1281 400
1282 249
1283 23
1284 6 918
1285 6
1286 6 39 155 321
1287 6 21
1288 144
1289 529
1290 919
1291 25 30 177 328 455
1292 881
1293 30 52 79 759
1294 523
1295 874
1296 6 920
1297 25
1298 30 300
1299 812
1300 6
1301 619
1302 922
1303 271
1304 256
1305 74 338 488
1306 0 923
1307 42
1308 21 165
1309 889
1310 751 753
1311 925
1312 6
1313 80 652 761 775 927 928 931
1314 21 25 925
1315 6
1316 23 372
1317 6
1318 151 244 325
1319 188
1320 16 932
1321 165 323
1322 933
1323 458
1324 21 165 935
1325 21 25 30 165
1326 25 308 325
1327 17
1328 36 52 874
1329 23 25
1330 21 82 83 156 729
1331 6 25 372
1332 6 886
1333 6
1334 6
1335 16 619 936
1336 21 819
1337 30
1338 21 352 707
1339 30
1340 6
1341 937
1342 751
1343 16 59
1344 164 165 939
1345 21
1346 52
1347 164 165
1348 812
1349 164 939
1350 801 940
1351 751
1352 941
1353 942
1354 6
1355 16 619
1356 598
1357 25 346
1358 17
1359 79
1360 136
1361 17 21 30 143 251 372 437 640 698
1362 6 945
1363 6 74 136 698
1364 144
1365 6 123 144 229
1366 156 946
1367 144
1368 947
1369 103
1370 294
1371 948
1372 84 400 949
1373 6 950
1374 21 156
1375 6 951
1376 161 437 837
1377 21
1378 684
1379 25
1380 343 400 859
1381 23 30 556
1382 123
1383 59 753
1384 84 156
1385 161
1386 952 953
1387 25 30 39
1388 437
1389 6
1390 400
1391 82 83 123 156 277 372 752
1392 161
1393 955
1394 290
1395 956
1396 6
1397 83 84 123 600 957
1398 25
1399 165
1400 16
1401 16 42
1402 30 172
1403 156
1404 17
1405 6 958 960
1406 622
1407 25
1408 753
1409 165
1410 23
1411 6 21 23 25
1412 751
1413 161
1414 6
1415 268
1416 917 962
1417 716
1418 963 966
1419 8 63
1420 127 967
1421 400
1422 123
1423 968 969
1424 567
1425 970
1426 25
1427 30
1428 36
1429 0 6 421 648 971
1430 25 79 687 698
1431 15
1432 21
1433 6 52
1434 23 30 729
1435 773
1436 6
1437 144
1438 21
1439 6
1440 144
1441 400
1442 400
1443 144
1444 972
1445 925
1446 52
1447 973
1448 52
1449 21 25 825
1450 25
1451 21 161 227 698 974
1452 39
1453 869
1454 508
1455 22 360 490 491 492
1456 975
1457 958 959
1458 6
1459 6 25 974
1460 978
1461 6
1462 6 229
1463 6 409
1464 21 220 244 338 816 817
1465 287 757
1466 16
1467 25
1468 25
1469 83 400 752
1470 21 567
1471 16 30 619
1472 979
1473 639
1474 21 308
1475 6 25 143 640
1476 981
1477 982
1478 117
1479 6 144
1480 25 619
1481 465
1482 6 21 23
1483 25
1484 25 52
1485 481
1486 983
1487 30
1488 284
1489 25 984
1490 6
1491 25
1492 695
1493 986
1494 6 325 406
1495 21 30 372 377 982 987
1496 8 21
1497 17 30 52
1498 986
1499 151
1500 120
1501 6 15 21 136 325 528 630 988
1502 6 249 308 599
1503 989
1504 21 136 149 229 599 623 990
1505 17 290
1506 438
1507 17
1508 230 639 991
1509 0 6 136 473
1510 6 599
1511 30 372
1512 16 789 993
1513 6 144
1514 6
1515 6 52 308
1516 8 63 481
1517 25 30 52 149 156 165 431 451 826 995 996 997 998 999 1000
1518 30
1519 1002
1520 981
1521 981
1522 1003
1523 6 30
1524 291
1525 6
1526 819
1527 6
1528 364
1529 21 84 161 310
1530 907
1531 6 635
1532 16
1533 156 310 1004
1534 21 60 421
1535 6
1536 6
1537 25
1538 25 30
1539 30
1540 30
1541 23 25 149 156 578 907 1005
1542 956
1543 1007
1544 308
1545 780
1546 21 156
1547 944 1008
1548 16 619
1549 16 619
1550 16
1551 74 236 1011
1552 16 343
1553 687
1554 21 23 25 523 748
1555 1012
1556 21 156
1557 30 36
1558 16 619
1559 16 363
1560 338 752 1013 1015
1561 508
1562 17 25
1563 16
1564 286
1565 21 156
1566 8 21 22 63 1016
1567 21 22 161 460
1568 22 25 1017 1018
1569 6
1570 981
1571 6 908
1572 6 30 284
1573 1019
1574 454
1575 25 638
1576 695
1577 6 25
1578 6
1579 763
1580 64
1581 6 598 916
1582 6
1583 222 286 335 1020 1021
1584 6
1585 6
1586 25 30
1587 30 52 885 1022
1588 6
1589 454
1590 30 52 885
1591 25
1592 249
1593 103
1594 6
1595 0 25 52
1596 465
1597 819 1023
1598 25
1599 25 328
1600 6 151
1601 16 619 687
1602 819
1603 1025
1604 30 36 534
1605 6 117 144 151 473 737 1026
1606 25 30 991 1027
1607 31 147 759
1608 944 1009 1028
1609 6 21 22 25 30 36 165 1029
1610 23
1611 619
1612 6 17 23 30 52 80 229 244 829 1030
1613 68
1614 16 308
1615 16 25 30 619 687
1616 454
1617 16 25 30 619
1618 6
1619 16
1620 22 64
1621 16
1622 25 602
1623 6 123
1624 6
1625 811
1626 0 52
1627 16
1628 21 22 271 286 694 1031 1032 1033 1034
1629 6
1630 310
1631 16 619
1632 694
1633 16 619 687
1634 16
1635 621
1636 21 127 1036
1637 16 619
1638 286 695 974
1639 619
1640 25 52
1641 62 127
1642 16 364
1643 0 16
1644 16 619
1645 25 1038
1646 25 82 372 698
1647 454 1039
1648 298 1040
1649 6
1650 188 308
1651 6
1652 0 6
1653 16 619
1654 593 1041 1042
1655 23 25 30 451
1656 16
1657 308 759
1658 21 161
1659 151
1660 907
1661 6
1662 908
1663 16 30 619
1664 52
1665 30 127 220 236 437
1666 6
1667 1044
1668 1045
1669 30 79 80 149
1670 944
1671 619
1672 1044
1673 17 21 23 227 829 896 897 899 900 1046
1674 16
1675 6 30
1676 21 52 156 437 460 748 792 802 1030
1677 6 149 809 876
1678 16
1679 16 585
1680 16
1681 16 30 308
1682 6 23 229
1683 1049
1684 1050
1685 63
1686 6 30 372
1687 52
1688 343 687 698 830
1689 52
1690 6 25
1691 51 1052
1692 1053
1693 16
1694 30 308 372
1695 16 25 68 619
1696 248 507
1697 30 60 372 506 507 1054
1698 970
1699 25 308 1055
1700 172 621
1701 25 57 1056
1702 1057
1703 935
1704 39 308 751
1705 493
1706 310
1707 751
1708 25
1709 16 25 30 619
1710 439
1711 25 30
1712 16 110
1713 16 619
1714 1058
1715 30 45 64 74 156 248 350 545 568 756 867 1060
1716 16 619
1717 1042
1718 51 759
1719 16 363
1720 619
1721 16 619
1722 6
1723 16
1724 16 619
1725 298 1040
1726 16 619
1727 944
1728 16
1729 16 363 619
1730 944
1731 16
1732 16
1733 249 864
1734 1061
1735 16
1736 16
1737 16
1738 21 25
1739 16 308
1740 30
1741 598
1742 16
1743 16
1744 16
1745 16 619
1746 16
1747 16
1748 308
1749 16
1750 16
1751 16
1752 16 25 30
1753 16 619
1754 16 619
1755 16 619
1756 619
1757 16 619
1758 796
1759 16 308
1760 16 308
1761 6 143
1762 6 25
1763 25 30
1764 0
1765 25 619
1766 619
1767 16 619
1768 951
1769 16 619
1770 16
1771 6 136 599
1772 6 358 998
1773 1062
1774 16
1775 1063
1776 1064
1777 16
1778 22
1779 6
1780 25 60 1065
1781 21
1782 16 25 30 619
1783 16 619
1784 811 944
1785 6 534
1786 6
1787 16 30 308
1788 156
1789 16
1790 30
1791 16
1792 16 619
1793 22 80 286 291 292 293 294 664 666 667 761 984 1066 1067 1068 1070
1794 25
1795 40 117 156
1796 21
1797 22
1798 0 16 992
1799 25 1072
1800 30
1801 6 25 52
1802 437
1803 428
1804 837
1805 6
1806 103 534 572 672 822 1073
1807 6 151 599
1808 16 619
1809 372 431 486 913
1810 16
1811 22 284 364
1812 16 79 110 343 395 462 651 766
1813 16 30
1814 16 619
1815 16
1816 16
1817 6 30 372
1818 16
1819 16
1820 6 16 308
1821 16 308 619
1822 16 308
1823 21 23 52 372 885 1077 1078
1824 16
1825 16
1826 6 52
1827 16 363
1828 16 619
1829 155 481
1830 16
1831 23 30 164 165 236
1832 16
1833 6 151
1834 25
1835 6
1836 6 39 143
1837 25 30
1838 16 619
1839 1079 1080
1840 308 490
1841 6 17
1842 1081
1843 531
1844 6 1082
1845 39
1846 6 17 25
1847 6 1082
1848 1083
1849 16 30
1850 6 30
1851 36 103
1852 16 619
1853 16 619
1854 16 619
1855 249
1856 1084
1857 1085
1858 338 1086
1859 1087
1860 52
1861 60 343 602 619
1862 84
1863 576
1864 25
1865 84
1866 576
1867 672 1088
1868 6
1869 25
1870 6 73 826 1089
1871 25 154 1090
1872 6
1873 277
1874 6 30
1875 454
1876 82 83 84 156 481 745
1877 25 30 619
1878 454
1879 25
1880 51 249 620 1091
1881 16 619
1882 337
1883 16 619
1884 16 619
1885 6 94 869
1886 25
1887 6 25
1888 30
1889 292
1890 22 25 30 79 249 789 1092 1093
1891 16
1892 1094
1893 1095
1894 673 1088 1096
1895 16 25
1896 23
1897 30 191
1898 16 94
1899 39 190 688
1900 21 64
1901 25
1902 1097
1903 30 531
1904 6
1905 1098 1099
1906 687 994
1907 1100
1908 6 638
1909 1101
1910 6
1911 6 25 602
1912 16
1913 6 16 79 619
1914 619
1915 25 1103
1916 52 60 1104
1917 1105
1918 481
1919 63 151 328 329 523 534 583 1106
1920 1107
1921 10
1922 16
1923 16 308 619
1924 16 25 136 619
1925 986
1926 1058
1927 16 619
1928 908
1929 352
1930 16
1931 30 99 751
1932 6 249 409 599
1933 6
1934 6 136 151 409
1935 6
1936 25 294 506
1937 1108
1938 286 694 1035
1939 6 21 73 74
1940 16
1941 6 52
1942 6 25 30
1943 25 103
1944 1109
1945 1110
1946 1109
1947 308 619
1948 388 450 1111
1949 16
1950 619 1107
1951 0 16 17 21 23 25 31 36 40 51 52 60 156 161 178 286 338 367 368 437 609 619 748 1048 1060 1112 1113 1114 1115 1116 1117 1119
1952 39 372
1953 154 155 939 1121 1122
1954 944
1955 294 1123
1956 165 271
1957 815 1124
1958 944
1959 25
1960 30
1961 22
1962 25
1963 1125
1964 84
1965 80 951
1966 23 951
1967 1126
1968 6 39 599
1969 10 16
1970 684
1971 6 421 598
1972 701
1973 49
1974 25 127
1975 156
1976 697
1977 25 36 52 156 372 638 640 759
1978 16
1979 1127
1980 308
1981 30 36 236 1128 1129
1982 25
1983 136 149 746
1984 12
1985 361
1986 506
1987 16 25 30 619
1988 481
1989 84 156
1990 907 1130 1131
1991 156 1132
1992 25
1993 25
1994 73 490 491 694
1995 6 1133 1134
1996 0 22 23 30 156 165 286 294 352 695 971 1136
1997 6 25 1137
1998 236 244 308 325 599 876 1138
1999 1107
2000 52 1139
2001 21 60 825
2002 6
2003 619
2004 619
2005 21
2006 6 30 136
2007 149
2008 1140
2009 6 122
2010 52
2011 236
2012 21 25
2013 25
2014 22
2015 6
2016 16
2017 308 367
2018 52
2019 16 23
2020 481
2021 21 30 236
2022 25 1090
2023 6 25 30
2024 1141 1142
2025 908
2026 23 25 220 461 1143 1144
2027 6 52 248 308
2028 6 21
2029 6
2030 30 84
2031 6
2032 30 991
2033 136 623
2034 323
2035 0 6 388 448 1111
2036 421
2037 39 372
2038 6 23 30 74
2039 84 156
2040 6
2041 6 127 136 229
2042 16
2043 363
2044 16
2045 16 703 863
2046 6
2047 6
2048 23 30 770
2049 284 490 491
2050 127 1142
2051 16
2052 1142 1145
2053 21 23 30 244 896 898
2054 22 74 246 248 328 350 869
2055 25 52 248 465 748 1146
2056 39
2057 127 1147
2058 6 1142
2059 908
2060 6 39 602 698
2061 123
2062 64 156 284 707
2063 6 746 1148
2064 6
2065 1149
2066 17 23 30 52 460 859
2067 17
2068 1087
2069 16 1150
2070 6
2071 16 1025
2072 25
2073 21 25 829 1152
2074 165 323
2075 6 25 30 251
2076 73
2077 25
2078 30
2079 21 156 169 867
2080 123
2081 178 621
2082 481
2083 103 257 323 431
2084 8 21 25 30 481 884
2085 1155
2086 25
2087 25
2088 859
2089 372 448
2090 21 84
2091 6
2092 16 1025
2093 533 1156
2094 454
2095 481
2096 21 22 284 1157
2097 308
2098 944
2099 465
2100 39
2101 6 136 1158
2102 286 1159
2103 753
2104 6 1160
2105 22
2106 753
2107 6 1161
2108 6 25
2109 1162
2110 439
2111 1163
2112 6 21 73 74 826
2113 16 619
2114 1050
2115 16
2116 16 619
2117 178 619
2118 36
2119 36 96 103 534 1074
2120 165 748 1164 1165
2121 0 6 431 907 1166 1167
2122 6 51 311 1168
2123 6
2124 25 1169
2125 22 308 688
2126 0 21 23 25 30 40 238 648 789
2127 6
2128 481
2129 25 30 36 759
2130 619
2131 1170
2132 421
2133 6 30 698
2134 1171
2135 1172
2136 1172
2137 25 30 74 246 248 310 350 437 1004 1078 1173 1174 1175
2138 1177 1178 1179 1180 1181
2139 759
2140 16
2141 25 30 127
2142 16 30 619
2143 30
2144 619
2145 6 23
2146 16 619
2147 363
2148 308 619
2149 862
2150 16
2151 862
2152 161
2153 6 74
2154 1182
2155 16
2156 23 30 294
2157 6
2158 6
2159 481 487
2160 1183
2161 481
2162 21 127 248 372 698
2163 21 30 52 63 437 884 885 1030
2164 439
2165 6 17
2166 63
2167 364
2168 6 73
2169 25
2170 6 25
2171 619
2172 6
2173 21
2174 16
2175 619
2176 16 619
2177 52
2178 17 1030 1185 1186 1187
2179 23 372
2180 21
2181 30 165 223 465 738 829 1124 1135 1141 1165 1188 1189 1190 1191
2182 308
2183 25 619
2184 84 152 156
2185 23 74 165 248 284
2186 1169
2187 12
2188 82
2189 6 17
2190 16 25 30 619
2191 16 25 30 619
2192 127
2193 16 619
2194 6 25
2195 481
2196 6 52
2197 165 602
2198 126
2199 308
2200 271
2201 246
2202 25 819
2203 619
2204 439
2205 619
2206 6
2207 1194
2208 68 165 308 688
2209 1195
2210 39 136 248 558 698 756 869
2211 30
2212 602 1196
2213 372 837
2214 21 156 1198
2215 533 1156
2216 1157
2217 23 346
2218 1200
2219 298 602
2220 6 25
2221 1134
2222 481
2223 127
2224 25
2225 16
2226 16 619
2227 16 619
2228 16 25 619
2229 6 151 1202
2230 819
2231 21 22 23 25 1203
2232 1204
2233 885
2234 63
2235 30 39 80
2236 123
2237 16
2238 6 308
2239 52
2240 16 619
2241 17 1030 1185 1186 1187
2242 619
2243 6
2244 25 30
2245 25
2246 21
2247 30
2248 21 25 30 576 878
2249 156
2250 25
2251 874
2252 25 82 156
2253 21
2254 619
2255 21 372
2256 25 30 52 1135
2257 874
2258 6 25
2259 30 1206
2260 0 6 25 52 229 325 431 885 1207
2261 6
2262 21 22 23 25
2263 6
2264 6
2265 6 1085
2266 1208
2267 123 809 876 1209
2268 6
2269 1210
2270 246 1211
2271 6
2272 757
2273 25 123 164 165
2274 25
2275 1097
2276 0 6 17 21 22 23 30 36 52 63 64 156 161 165 271 286 323 328 460 523 702 745 826 1038 1212 1213 1214 1215
2277 6
2278 6
2279 271
2280 1164 1216
2281 22 23 154 215 481
2282 22 24 25
2283 1217
2284 22
2285 169
2286 16
2287 1218
2288 1220
2289 1210
2290 156 161
2291 619
2292 1005 1105
2293 325
2294 481
2295 1105
2296 6 21
2297 541
2298 324
2299 1035
2300 6 511
2301 60 825
2302 25 123 136 372 481 698
2303 6
2304 25 829
2305 6
2306 16 619
2307 294 490
2308 25 308 1221
2309 809
2310 6 21 52 74 619 811 826
2311 809
2312 1218
2313 6 1147
2314 6 136 481
2315 1223
2316 6 117 136 372 998
2317 454
2318 30 248 989
2319 809
2320 6 236 248 449
2321 6
2322 21
2323 17
2324 6 21 123 229
2325 16 343 687 1224
2326 30 481
2327 6
2328 6
2329 6
2330 907
2331 1142
2332 6 30 52
2333 21 74 1225
2334 6 23 30 60
2335 84 156
2336 706
2337 25 284
2338 16 619
2339 16 619
2340 6 136
2341 481
2342 16 619
2343 6
2344 64
2345 6
2346 16 52 1227
2347 6
2348 25 249 283 789 895
2349 36
2350 1041 1228
2351 6
2352 30 1229
2353 16 310
2354 388
2355 1097
2356 294
2357 363
2358 294
2359 1231
2360 16 619
2361 1142 1152 1232 1233 1234 1237 1239
2362 21
2363 16
2364 16
2365 25 986
2366 22
2367 619
2368 248
2369 21
2370 363
2371 21 30 249 377
2372 291 1230
2373 23 127 165
2374 687 829 831 1150 1152 1240
2375 6
2376 0 6 21 23 25 52 123 885 1147
2377 6
2378 481
2379 874
2380 84
2381 16 619
2382 286 729 895 1242
2383 1243
2384 16
2385 21 156 308
2386 21 156 1244
2387 619
2388 363
2389 493
2390 1245
2391 123
2392 16 25
2393 25
2394 874
2395 16 520 619
2396 6
2397 363
2398 36
2399 25
2400 481
2401 24 74 169 248 284 372
2402 6 39
2403 22
2404 6 52
2405 25
2406 30
2407 30
2408 25 30
2409 6
2410 1195
2411 286 421
2412 6 1142
2413 127 534
2414 117
2415 294
2416 6 1147
2417 16
2418 271
2419 6
2420 1245
2421 284 294 694 1097
2422 0 21 25 52 123 735 1147
2423 6 25
2424 271
2425 16 619
2426 0 21 23 25 52 325 885 1147
2427 16 619
2428 36 223 1027 1164
2429 16
2430 16
2431 16 619
2432 25
2433 25
2434 6 21 23 25
2435 94 874
2436 6
2437 363
2438 6 431
2439 23 25 123 323
2440 21 64 156 518
2441 16 619
2442 64
2443 16 619
2444 308 809
2445 6 1247
2446 271
2447 6 21
2448 996
2449 6 665
2450 6
2451 21 23 60 154 165 1248
2452 6
2453 6 30 284 286 854
2454 308 1243
2455 6
2456 1251
2457 1245
2458 6
2459 165
2460 16
2461 21
2462 60 249 1104 1135 1252
2463 21 25 30 82
2464 809 872 876
2465 6 103 992 1147
2466 16
2467 21 460 862
2468 36 364
2469 308
2470 6
2471 16 789
2472 876
2473 94
2474 248 565
2475 874
2476 363
2477 1253
2478 809 1254
2479 809
2480 6
2481 30
2482 16
2483 16 364
2484 1251
2485 22 236 360
2486 16
2487 1055
2488 1058 1192
2489 1100
2490 6
2491 25 30 36 123 223
2492 867
2493 968
2494 6
2495 1251
2496 1256
2497 6 25 30
2498 1257
2499 363
2500 619
2501 16 619
2502 6 52
2503 449 1258
2504 25 30
2505 6 984
2506 25
2507 39 75 127 1027 1164 1259
2508 16 619
2509 294
2510 6 73
2511 21
2512 363 1261
2513 6 169
2514 16 619
2515 6
2516 73
2517 809
2518 6
2519 52
2520 809
2521 449
2522 6
2523 22
2524 874
2525 30
2526 6 21 73 74
2527 1055
2528 6 874
2529 21 23 25 30 286 829
2530 6 30
2531 6
2532 1243 1262
2533 6
2534 6
2535 0 23 30 52 1005 1077
2536 25 30
2537 284 286
2538 6
2539 25 165 328
2540 25 506 1128
2541 25 30
2542 22 80 248
2543 36 52
2544 1164
2545 169 325 449
2546 25
2547 363
2548 6
2549 246
2550 1263
2551 1264
2552 82 84
2553 16 308
2554 25 325
2555 421
2556 16 619
2557 1265
2558 23 30 829 872 1077 1078 1266
2559 286 364 666
2560 6
2561 172 364
2562 16 619
2563 6
2564 6
2565 1085
2566 809
2567 16 619
2568 363
2569 809
2570 1227
2571 25
2572 6 338 869
2573 363
2574 6 346 431
2575 25
2576 16
2577 16
2578 21 30
2579 286
2580 22 490 491
2581 6
2582 16
2583 16
2584 23 68
2585 21
2586 30 907
2587 6
2588 16
2589 25
2590 16 1221
2591 449 1258
2592 6 25 30 52 127
2593 6
2594 6 30 249 325 789
2595 25 346
2596 16
2597 30
2598 23
2599 16
2600 271
2601 25 63
2602 6
2603 94
2604 25
2605 25 249
2606 25 1267
2607 324 599
2608 6
2609 16 619
2610 6 325 591 723
2611 1256 1268
2612 52
2613 154
2614 0 598
2615 68
2616 1269
2617 39
2618 363
2619 52
2620 346
2621 94 1270 1271
2622 1267
2623 294 1272
2624 363
2625 25 39 123 165 481
2626 21 23 25 156 748 1273
2627 363 1275
2628 1276
2629 996 1277
2630 6 21 437
2631 694
2632 6 346 772
2633 6 30
2634 6 229 350 591 688
2635 21 151 156 395 730
2636 6
2637 25
2638 25
2639 25
2640 6 25
2641 6
2642 6 21 23 30 74 151 156 177 248 249 598 789 1137
2643 84 156
2644 21 156 1278
2645 1279
2646 6
2647 22
2648 21
2649 872
2650 156
2651 363
2652 16 619
2653 25
2654 25 748 829 1152 1282
2655 294
2656 1078
2657 1269
2658 246 701
2659 1269
2660 1258
2661 21 25
2662 1283
2663 454
2664 449 1258
2665 6 451
2666 0 6 25 30 913
2667 30 63 308 323 701 1282
2668 6 23 74 153 229
2669 6 23 25 52 151 591
2670 21
2671 6 23 30 898 1077 1266 1284 1285
2672 6
2673 363
2674 25 308
2675 10 363
2676 363
2677 215 490 1287
2678 451
2679 6
2680 25 323
2681 21 82 156 286
2682 6
2683 123 421
2684 64 84
2685 191
2686 16 25
2687 1288
2688 6 21 22 23 25 73 74 248 481
2689 6 21
2690 246 338
2691 490 744
2692 884
2693 6 520 648
2694 1134
2695 30 328
2696 25
2697 25
2698 6
2699 6
2700 6
2701 25 52
2702 6
2703 6 144 449
2704 6 1272
2705 308 602
2706 6 25 992
2707 363
2708 6
2709 6
2710 6
2711 598
2712 6
2713 22
2714 6
2715 6 1289
2716 52
2717 94
2718 25
2719 16 25
2720 6
2721 6 151 346 599 731 1291
2722 6
2723 30 885 1145 1276 1292
2724 25 30 60 80
2725 25 421
2726 6 25 249
2727 25
2728 6 80 169 249 789 895 958 1272
2729 6 1292
2730 16 439 1294
2731 16 619
2732 6 191
2733 25 60 1090
2734 21 23 25 421 460 829 923 968 1152 1240
2735 79 397
2736 308
2737 6 52
2738 21 153
2739 6 39 165 409 449
2740 6
2741 6
2742 6 325
2743 22
2744 6 25 52 60 156 545
2745 0 6 21 23 30 117 127 531 913 1147 1295
2746 80 294 1272
2747 166 1027 1164
2748 22
2749 6
2750 16 308 619
2751 6 21 431
2752 16 1296 1297
2753 25
2754 25 49 117 151 229 246 421 591 602 623 735 1078 1292
2755 25 263 308
2756 6
2757 6
2758 16
2759 6 25 60 827 1225 1292
2760 1201
2761 325 735
2762 21 156
2763 1279
2764 6
2765 16
2766 30 363
2767 6 297
2768 6
2769 1298
2770 6 25
2771 323 816
2772 16
2773 16
2774 25 127 1299
2775 16
2776 308 1300
2777 6
2778 397
2779 271
2780 22 286
2781 21 308
2782 25 450 1301
2783 6
2784 6 1085
2785 103
2786 25
2787 363
2788 16 25
2789 6
2790 6 21
2791 25
2792 6 325 591 602
2793 25 30
2794 363
2795 6
2796 25
2797 6 364 520
2798 397 1255
2799 16
2800 16
2801 16
2802 25 30 328 523
2803 22
2804 1302
2805 6 23 123 127 229 350 352 648
2806 30 248 808 830
2807 6 151
2808 1298
2809 39 156
2810 22 286
2811 16 619
2812 6
2813 363
2814 6
2815 23 94
2816 6 74
2817 292 1303
2818 16
2819 21 30 82 395 600 701 1282
2820 249 789
2821 363 816
2822 31 186 188
2823 16 30
2824 1304
2825 16
2826 21 30 60 156
2827 6 30 74 117 151 869 1305
2828 6
2829 308 915
2830 6
2831 363 1306
2832 619
2833 25
2834 22
2835 619
2836 22
2837 363
2838 84 156
2839 363
2840 23 30 244 896 898
2841 6 486 1225
2842 308 1078
2843 23 244 308 706
2844 123 126 1132
2845 16
2846 6 25
2847 523
2848 16
2849 21 123 286
2850 16
2851 6
2852 6 25 1231
2853 6 52
2854 308
2855 16 619
2856 6 1085
2857 16 619
2858 1308
2859 16
2860 248
2861 23
2862 16
2863 23 246
2864 363 1309
2865 363
2866 1268
2867 363
2868 22
2869 363
2870 52
2871 6 73
2872 16
2873 639
2874 16 25
2875 6 25 591
2876 906
2877 363
2878 16 25
2879 363 1311
2880 1312
2881 165
2882 25
2883 126
2884 82 156 308
2885 748
2886 30
2887 1132
2888 248 363
2889 1313
2890 6 25
2891 94
2892 6 156 395
2893 21 23
2894 6 529
2895 39 249 1183
2896 6
2897 6 735
2898 363
2899 6
2900 16
2901 286 490
2902 6 117 155 308 731
2903 16
2904 30
2905 363
2906 22 869
2907 619
2908 619
2909 25
2910 6
2911 0 6 25 39
2912 36 363
2913 16
2914 25
2915 16
2916 363
2917 23
2918 6 598
2919 363
2920 6 117 1314
2921 6 1315
2922 323
2923 23 244
2924 6
2925 325
2926 6
2927 16 30
2928 829
2929 6 21 151 248 325 591
2930 6 598
2931 84 745
2932 22 165 789
2933 6 364
2934 16
2935 23 25 127
2936 363 1316
2937 126
2938 16
2939 252
2940 94
2941 308
2942 25
2943 363
2944 94
2945 25
2946 23
2947 25
2948 6 25
2949 22 323
2950 906
2951 6 23 244 325
2952 22
2953 6 421 611 648 817 1164 1273 1317
2954 30 1318
2955 6 286
2956 442 1319
2957 338 1320
2958 25 1320
2959 363
2960 1132
2961 25 602 1321
2962 6 1322
2963 16
2964 6
2965 6 229 1323
2966 25
2967 21 164 328
2968 25
2969 156 308
2970 249
2971 6 388 1324
2972 6 21 22 325
2973 16
2974 25 30 165 177 248 338 460 1077 1115 1135 1274 1284 1290 1325 1327 1328
2975 25 1090
2976 6
2977 25
2978 6
2979 1269
2980 363
2981 6 25
2982 16 619
2983 82 156 346
2984 21 23 25 30 244 248 328 748 789 1311 1329
2985 188 1221
2986 16
2987 545
2988 25
2989 545
2990 6 30 36 103
2991 6
2992 16 30
2993 45 82 156
2994 6
2995 0 30 325
2996 1330
2997 6
2998 25 324 648
2999 65 323
3000 6
3001 25
3002 748
3003 25 829
3004 25 154
3005 21
3006 25
3007 1173
3008 816 1310
3009 748
3010 1281
3011 25 481
3012 25
3013 21
3014 165
3015 6
3016 310
3017 0 6 1331
3018 52
3019 80
3020 1183
3021 363
3022 6
3023 188
3024 21 748 1332 1333
3025 25
3026 16
3027 363 1135
3028 363
3029 23
3030 6 25
3031 291
3032 6 550
3033 619
3034 363 1334
3035 748
3036 1335
3037 6 127
3038 127 1286
3039 16
3040 25
3041 24 25
3042 25
3043 6 42
3044 49 248 1085
3045 25 493
3046 6
3047 22 23 323
3048 6 123 229 236
3049 25 30 829
3050 1135
3051 6 598
3052 363 1336
3053 169
3054 6 325
3055 363
3056 6
3057 16 25
3058 363
3059 363
3060 30
3061 21 156 702 1337 1338
3062 6 25 308
3063 6 151 308
3064 30 829 1077
3065 188 706
3066 25 127
3067 39
3068 1339
3069 25 1090
3070 16
3071 1340
3072 21
3073 1341
3074 30 811 867
3075 6
3076 6 25
3077 421
3078 30
3079 127
3080 25 829
3081 230 421
3082 6
3083 578 992
3084 6
3085 16
3086 481 598
3087 6
3088 6
3089 6
3090 6
3091 6
3092 6 23 117 1343
3093 25 60
3094 6
3095 1344
3096 6
3097 1085
3098 364
3099 23 25
3100 126
3101 25 30 60
3102 6 25
3103 6
3104 21 22 30 45 156 1346
3105 25 60 1347
3106 23 25 30 308
3107 21 156 308 872
3108 21
3109 25 1128
3110 493
3111 826
3112 123 229 578
3113 6 21 30
3114 25
3115 23 323
3116 1304
3117 23 323
3118 22 30
3119 286
3120 1348
3121 25
3122 25
3123 6 21 23 80 789
3124 22
3125 486
3126 21 22 25 286 323
3127 6 730 1183
3128 163 1292
3129 6 94
3130 545
3131 545
3132 21 156 308
3133 16 619
3134 246
3135 1090
3136 25
3137 31
3138 6
3139 6
3140 6 23 103 481
3141 165 308
3142 1340
3143 1027
3144 286
3145 6 36 74 117 155 169 248 308 811 1221
3146 25 30 117 123 156 431 578 730 830 1349
3147 23 164 169
3148 1340
3149 1351
3150 80 1150
3151 22 286 490
3152 6 39
3153 6 151 165
3154 1352
3155 25
3156 6 161
3157 6
3158 6 297
3159 21 45
3160 248
3161 6
3162 6 25
3163 30 36 1077 1274 1284 1354
3164 6
3165 6 23
3166 31
3167 127
3168 127 165 286 324 350 1259
3169 25 39 421 829
3170 25
3171 25
3172 6
3173 21 277
3174 23 25 36 52 80 156 328 706 1077 1276 1282 1320 1327 1355
3175 25
3176 6 23
3177 25 30 73 169 248
3178 6
3179 6
3180 363
3181 6 21 156 460 545
3182 21
3183 421
3184 6 355
3185 6
3186 25
3187 6
3188 22 23 25 327 1357
3189 364
3190 598
3191 25
3192 1078
3193 811
3194 25
3195 919
3196 25 437 829
3197 481 1358
3198 6
3199 1183
3200 6 323
3201 156 545
3202 1104 1159
3203 6
3204 6 30 449
3205 6
3206 23
3207 1359
3208 25 156 829 1128 1282
3209 6 25
3210 6 308 591 1314
3211 1304
3212 22 25 286
3213 1360
3214 6
3215 308
3216 6 311
3217 6 1147
3218 6 1361
3219 21 22 23 25 164 165 328 701
3220 25
3221 0 6 431 917 935 992 1362
3222 6
3223 1364
3224 93
3225 6 117 735
3226 21
3227 6 103
3228 6 598 1085
3229 23 25 829 1365
3230 1366
3231 16 30
3232 6 25 165
3233 926
3234 25
3235 872 973
3236 23 74 248 325
3237 6
3238 6
3239 308 591 1286
3240 117 252
3241 25 117 229
3242 6
3243 6
3244 22 490 694 1368
3245 25
3246 21 701
3247 25
3248 973
3249 1269
3250 252
3251 39 123 602 789
3252 297
3253 934
3254 1345
3255 1369
3256 6
3257 21 22 545
3258 6 169 992 1138
3259 6 21 23 25 39 127 151 244 327 460 829 1282 1370
3260 156 481
3261 21 64 156
3262 25 372 507
3263 36 39
3264 1371
3265 6
3266 25 748 968 1287
3267 22 39 63 74 1288
3268 23
3269 22 291 364 664 761 984
3270 25 1357
3271 6
3272 1373
3273 6 169 286
3274 6
3275 16
3276 22
3277 127 164 165 352
3278 6 1183
3279 6 23 74 156 248 249 1274
3280 22
3281 21 165 545
3282 6
3283 152 156
3284 23 25
3285 253 254 585 1374 1375 1376
3286 694
3287 30 36
3288 25
3289 49 153
3290 6 252 1377
3291 487
3292 25
3293 25 602 648
3294 598 1085
3295 598 1085
3296 598 1085
3297 598 1085
3298 6 144
3299 829
3300 25 294 338 1379
3301 6 151
3302 748
3303 6
3304 0
3305 244 872
3306 25
3307 1380
3308 6
3309 6
3310 1381
3311 6
3312 6
3313 598 1085
3314 598 1085
3315 6 39
3316 991
3317 248
3318 22
3319 1100
3320 6 23 229 1281
3321 23
3322 21
3323 449
3324 1346
3325 21 60 156
3326 21 23 25 328 748
3327 103
3328 123
3329 6
3330 153 360 600 1382
3331 25
3332 25 585 1383
3333 152 602
3334 127
3335 25 1384
3336 6
3337 421
3338 25
3339 6
3340 25 127 164 223 236 328 1385
3341 21 22 215 490 1386
3342 1387
3343 748
3344 6
3345 1387
3346 6
3347 6 117
3348 1388
3349 30
3350 6 21 22 25 156 164 248 701
3351 6
3352 6 73
3353 286
3354 25
3355 25
3356 23 324
3357 248
3358 6
3359 30 80 872 1389 1390 1391
3360 1392
3361 6
3362 6 22 286
3363 598
3364 585
3365 151
3366 437
3367 352
3368 323 346 1393
3369 21 1394
3370 6
3371 286 491
3372 748
3373 408
3374 25 187 188
3375 22
3376 21 23 30 127 327 328 748
3377 6
3378 6 1361
3379 30 1395
3380 22 156
3381 80 1150 1329
3382 246
3383 25
3384 6
3385 648
3386 6
3387 286
3388 117 123
3389 6 325
3390 1396
3391 1397
3392 6 25 74 94 188 236 248 324 350 449 591 723 830 1164
3393 6 591 598
3394 271 490
3395 360 600
3396 6
3397 6
3398 545
3399 25 39
3400 23 329
3401 6 308
3402 286
3403 22 63 286
3404 6 25
3405 1345 1398
3406 23
3407 6 25 165
3408 25
3409 1216
3410 6
3411 23 123
3412 30 1311
3413 23
3414 6
3415 74 246 602
3416 25
3417 22
3418 23
3419 6 25
3420 21 25 585
3421 30
3422 22 260
3423 1395
3424 6 22 156
3425 21
3426 25
3427 127
3428 94 1399
3429 25
3430 6 21 23
3431 6
3432 39 364 602 883
3433 338 1351
3434 286
3435 421
3436 772
3437 6 21
3438 6 21 23 156
3439 169
3440 6
3441 1375
3442 23
3443 271 694
3444 6
3445 25
3446 6 297
3447 22
3448 6 21 74
3449 154 481
3450 6 25
3451 63
3452 1369
3453 152
3454 6 25
3455 153
3456 6
3457 271 286
3458 1401
3459 23 161
3460 23 25 123 154
3461 25
3462 25 156 1173
3463 1402 1403
3464 1345 1404
3465 236
3466 25
3467 22 872
3468 22 286
3469 84 156
3470 408
3471 21 123 156 308 567
3472 6 811
3473 408
3474 884
3475 6
3476 22 25
3477 308 323
3478 329
3479 323
3480 83 156
3481 6 25
3482 6 21 23
3483 23 1286
3484 6
3485 6
3486 25
3487 6 1406
3488 6 169
3489 23
3490 935
3491 1363 1378
3492 123 481 1077
3493 6 249 1287 1407
3494 25
3495 25 308 1408
3496 189
3497 1409
3498 6
3499 6 21
3500 25 487 735
3501 23 1360
3502 598
3503 31 811
3504 6
3505 323
3506 82 156
3507 23
3508 23
3509 6 22 1157
3510 25
3511 25
3512 21 23 30 534 1410
3513 21 23 598
3514 25
3515 189
3516 6
3517 935
3518 346
3519 25 1411
3520 325
3521 6
3522 6 246
3523 6 21 25 117 123 431 1412
3524 21
3525 706 883
3526 30 291 665 984
3527 25 156
3528 6 21 23 1413
3529 21 30 156 328 748
3530 872
3531 1414
3532 25
3533 323
3534 934
3535 271
3536 10
3537 23 25 30
3538 6
3539 23 829
3540 23
3541 294
3542 6
3543 1415
3544 884
3545 6
3546 25 308 602
3547 6
3548 21 123 156 248 308 481
3549 1416
3550 325
3551 21 25
3552 25
3553 25
3554 6
3555 189 421
3556 6
3557 169
3558 6 249
3559 25 308
3560 127 323
3561 63
3562 253 254 585
3563 297
3564 598
3565 6 21 117 229 1147
3566 23
3567 6 21 82 156
3568 189
3569 21
3570 0 6 73 648 992
3571 325
3572 6
3573 6
3574 939
3575 25 829 872
3576 6
3577 328
3578 323
3579 1351
3580 23 30 898 1077 1266 1391
3581 21
3582 21
3583 308 323
3584 169
3585 23 578
3586 523
3587 10
3588 25 127 246 249 1286
3589 25
3590 6 22 127 164 236 591
3591 6
3592 1418
3593 6 49 297 1419
3594 25
3595 6 21
3596 25
3597 323
3598 25 308
3599 25 1213
3600 323 1420
3601 25
3602 21
3603 16 308
3604 286
3605 1132
3606 915
3607 156
3608 6
3609 21 156
3610 59 1406 1421 1422 1424 1425 1426 1427 1428 1430
3611 6
3612 6 21 236 338
3613 1384
3614 83
3615 23 748
3616 25 83
3617 323 437 748 1301
3618 0 6 958
3619 884
3620 294
3621 6 21 229 246
3622 25
3623 1301
3624 23 324
3625 76
3626 6 25
3627 1409
3628 156
3629 23 156
3630 6
3631 6
3632 169 240 249 694 1033 1368
3633 6
3634 1432
3635 6
3636 73
3637 1432
3638 25
3639 22 169 744
3640 872
3641 21
3642 872
3643 6
3644 23 323
3645 39
3646 364 1310
3647 21 598
3648 21
3649 22
3650 6 21 73 74 117 123 229 350 591 648 913 1292 1434 1435
3651 23
3652 164 324
3653 25 117
3654 6
3655 1308
3656 22
3657 21 22 240 286
3658 6
3659 6
3660 6
3661 923
3662 1384
3663 1436
3664 6 25
3665 21 246
3666 6
3667 323 1437
3668 6
3669 6
3670 325
3671 23
3672 39 308 883
3673 25
3674 735
3675 23 25 323 1135 1165
3676 156
3677 286 872
3678 6
3679 21
3680 23 25
3681 25
3682 6 706
3683 23 25 127
3684 308 1345
3685 123
3686 23
3687 23 244
3688 23 123 701
3689 6 229
3690 156
3691 6 25 30 31 703
3692 6 25 30
3693 25 1438
3694 294
3695 6
3696 6 25
3697 169
3698 169
3699 156
3700 6
3701 6
3702 23 30 249 1077
3703 6
3704 23
3705 6 297 324
3706 21
3707 6 431
3708 6 297 1293
3709 21 22 45 323
3710 6
3711 23 1416 1439
3712 6
3713 156
3714 21 23 481
3715 21
3716 6 325
3717 21 23 127 164 253 431 1103 1135 1383
3718 490
3719 6 325
3720 1441
3721 21 545
3722 21
3723 364
3724 6
3725 6 1361
3726 39
3727 1135
3728 1442
3729 6
3730 127
3731 68
3732 1444
3733 6
3734 23
3735 6
3736 253
3737 6
3738 1445
3739 855
3740 23 1416 1439
3741 229 1315 1446
3742 21
3743 25
3744 25
3745 21 22 23 156 789 1355 1416 1447 1448
3746 6
3747 23
3748 21
3749 25 1449
3750 156
3751 364
3752 1450
3753 6 229 324
3754 297
3755 6 325
3756 6
3757 23
3758 21 156
3759 6
3760 6
3761 6
3762 22 74 246 325
3763 25
3764 161 308
3765 1444
3766 6 23
3767 493
3768 6 21
3769 23
3770 169
3771 23
3772 6 702
3773 1391 1451
3774 1445
3775 68
3776 648 738
3777 1445
3778 6 591
3779 6 325
3780 286
3781 49 280 487
3782 45 1346
3783 6
3784 21
3785 45 1346 1416
3786 25
3787 1025 1453
3788 898
3789 30
3790 324
3791 6
3792 6
3793 39 286
3794 6
3795 388
3796 30 1075
3797 286 694 789
3798 6
3799 80
3800 6
3801 1451
3802 6
3803 297
3804 1135
3805 6
3806 702
3807 1454
3808 6 23 117 123
3809 6
3810 1455
3811 6 30 1077 1266 1307 1327
3812 1456
3813 80 169 761 775
3814 324
3815 286
3816 21 22
3817 23 244 307 896 898 899 1457 1458
3818 21 229
3819 23 1276
3820 23 545
3821 21 30 127 152 156 954 1460
3822 23
3823 80
3824 6 39 308
3825 421
3826 6
3827 21
3828 872 1461
3829 6
3830 21 286
3831 648 738
3832 297
3833 1462
3834 1456
3835 578
3836 872
3837 6 30
3838 6
3839 6
3840 0 21 22 23 25 30 244 328 437 748 1135 1188
3841 6 597
3842 25
3843 6
3844 748
3845 21 23 25 30 36 156 748 1077 1463
3846 1444
3847 664
3848 21
3849 545
3850 25
3851 22
3852 1455
3853 707
3854 117
3855 21 325
3856 21
3857 6
3858 6
3859 6
3860 126
3861 6
3862 127 1420
3863 126
3864 39 155 1464 1465
3865 164 328
3866 249 789
3867 6
3868 21 156 244
3869 22 271 388 1467
3870 21
3871 1454
3872 6 21 22 30 123 164 327 460 748 916 1135 1468 1469 1470
3873 286 297
3874 880
3875 21 51 244 514 718 816 1398 1472 1473 1474 1475
3876 598 1476
3877 39 63
3878 702 1286
3879 6 117 229 735
3880 6 169
3881 1477
3882 6
3883 286
3884 6
3885 25 1478
3886 6 25
3887 6 702
3888 6 328 748 1433
3889 297
3890 748
3891 21
3892 271
3893 6 22 286
3894 6
3895 346 748
3896 6
3897 286
3898 6
3899 6
3900 748
3901 103
3902 21
3903 6
3904 872
3905 25
3906 872
3907 6
3908 23
3909 161
3910 6
3911 21 706 863
3912 1468
3913 22
3914 23 127
3915 1481
3916 6 23
3917 21 30 45 707 1211
3918 872
3919 30 872 896
3920 6
3921 6
3922 6 591
3923 22
3924 872
3925 6
3926 25 80
3927 872
3928 80 291 665 984
3929 545 872
3930 6 21
3931 25
3932 21 702
3933 6 25
3934 6
3935 591
3936 6
3937 25 164
3938 30
3939 21 156
3940 6
3941 6
3942 23
3943 6
3944 21
3945 1482
3946 1483
3947 1211
3948 6 155
3949 23
3950 1484
3951 6 21 229
3952 872
3953 127 164
3954 161
3955 6
3956 6
3957 144
3958 6 23 297 1293
3959 25 437 1135 1463 1486
3960 25 277 460 702 704 1211 1307 1370 1390 1468 1470 1487 1488 1489 1490 1491 1492 1493 1494 1495
3961 22 271 286
3962 6
3963 82 545
3964 127
3965 6
3966 31
3967 6
3968 23 45 65 127 156 164 431 701
3969 21
3970 1496
3971 23
3972 726
3973 21 1494
3974 297 1497
3975 6 286
3976 0 6
3977 6 23 30
3978 1498
3979 324
3980 6
3981 297 1499
3982 271 286
3983 39
3984 1126
3985 1500
3986 6 664
3987 6
3988 6 325
3989 6
3990 481
3991 117 229
3992 21 23 25 156 271 328 748 792 1486
3993 21 156 323 1355
3994 21
3995 21 328
3996 1375
3997 22
3998 25 913
3999 545
4000 229 297
4001 21 23 481 855 1501
4002 21
4003 166
4004 6 327 1164
4005 25 1471 1486
4006 6
4007 6
4008 25
4009 25
4010 567 1502
4011 291 775 984
4012 23 127 164 327 1157
4013 21
4014 25 1463
4015 1211
4016 25 30 249 283 311 789
4017 324 648 992 996
4018 6 74
4019 49 297 598
4020 6
4021 6
4022 25 156 327 748
4023 22
4024 6
4025 22
4026 21 701
4027 6
4028 6
4029 1500
4030 6
4031 702
4032 1334 1503
4033 6
4034 6 123 229 325 1504
4035 872 1505
4036 1506
4037 1506
4038 39
4039 6
4040 872
4041 74 1476
4042 23
4043 6
4044 23
4045 6
4046 6
4047 244
4048 22
4049 6 1277
4050 6
4051 6
4052 6
4053 23 1391
4054 6
4055 23 164 324
4056 6
4057 598
4058 6
4059 6
4060 493
4061 6 23
4062 25 328 748 1508
4063 30
4064 23
4065 74
4066 25
4067 872 1505
4068 163 1509
4069 22
4070 6 277
4071 6 30 249
4072 6
4073 748
4074 6
4075 25 126
4076 22 1442
4077 25 39
4078 79
4079 6 30 648
4080 25 30 1077
4081 21 25 36 286 748 898 1463
4082 21 23 25 36 748 898 1463
4083 6
4084 21 22 45 156
4085 6
4086 23
4087 23
4088 164 286 701 789 1270 1286 1511
4089 6
4090 431
4091 22
4092 23
4093 6
4094 6 23
4095 39
4096 6
4097 21
4098 1512
4099 388
4100 39
4101 25
4102 1513
4103 21
4104 154 855
4105 1376
4106 6
4107 22
4108 169
4109 323 1259
4110 23 872
4111 6
4112 701
4113 6 23 25
4114 6
4115 23 25 82 83 123 156 164 431 913 1211
4116 39
4117 1132
4118 22 286 490
4119 872 1077 1341
4120 6
4121 6 648
4122 1513
4123 6
4124 23 25
4125 25
4126 915
4127 872
4128 156
4129 6
4130 6 648
4131 6
4132 6 23
4133 6
4134 6
4135 6 1391
4136 21 164 702 1469
4137 6
4138 6
4139 117
4140 22 328 748
4141 748
4142 6 811
4143 22 286
4144 6
4145 6 74
4146 1135
4147 6
4148 21
4149 21
4150 21 431 789 1416 1515 1516
4151 6
4152 6
4153 6
4154 6
4155 74 127 164 490 1077 1277 1517 1518
4156 22
4157 6 73
4158 6
4159 6 297
4160 6
4161 6
4162 23 25 36 328 748 1135
4163 6
4164 748
4165 156 1447
4166 872
4167 271
4168 127
4169 872
4170 286
4171 31 364 816 858 915 1519 1520
4172 6 25
4173 6
4174 1513
4175 6 431 1147
4176 872
4177 915
4178 6 1295
4179 6 591
4180 6
4181 1225
4182 634
4183 6 648 1315
4184 702 872
4185 23 338
4186 6
4187 30
4188 297
4189 6
4190 21
4191 6
4192 21 23 229 421 578 648
4193 0 6
4194 6
4195 6
4196 164 748 991
4197 31
4198 1135
4199 297
4200 6
4201 6
4202 6
4203 6 21 23 324
4204 1433
4205 186
4206 323
4207 22 286 1032
4208 324 1480
4209 286 872
4210 123 153 154 286 1159 1273 1287
4211 25
4212 6 39
4213 23
4214 872
4215 1521
4216 164 188 286 558 811 816 1522
4217 545
4218 6 286
4219 23 30 1440
4220 1025 1500
4221 25
4222 6
4223 21 127
4224 286
4225 6 431 1147
4226 6 156
4227 22 1055
4228 324 992
4229 1523 1524
4230 6
4231 694
4232 21
4233 6
4234 6
4235 6
4236 39
4237 164 352
4238 186
4239 6
4240 25 1463 1486
4241 21 23 156 249 283 789 1348
4242 21
4243 164
4244 6 117
4245 6 21 648 1349
4246 6
4247 1525
4248 6
4249 21
4250 702
4251 6
4252 1505
4253 21 156 246 327
4254 1277
4255 6
4256 872 1505
4257 39
4258 21 156
4259 25
4260 25
4261 21 127
4262 103
4263 23
4264 789
4265 872
4266 1367
4267 297
4268 21 23 327
4269 6
4270 872
4271 6
4272 0 6
4273 21 22 45 1416
4274 872
4275 6 648
4276 117
4277 21
4278 6
4279 1505
4280 23
4281 6 648 1526
4282 21 244
4283 872
4284 6
4285 1527
4286 1527
4287 388 585
4288 1527
4289 328
4290 748
4291 6
4292 25 1446 1486
4293 1528
4294 21 45 156 545
4295 6
4296 297
4297 702
4298 297
4299 21 23
4300 453
4301 1442 1529
4302 1530
4303 21 22 127 490
4304 21 23 164
4305 6
4306 748
4307 6
4308 1496
4309 872
4310 6 1315
4311 286
4312 6
4313 39
4314 6
4315 364 1531
4316 872
4317 169
4318 23
4319 286
4320 25 1533
4321 1533
4322 1534
4323 6
4324 297
4325 25
4326 6
4327 23
4328 21 30 338 363 896 897 898 899 1266 1276 1284 1326 1390 1457 1458 1470 1471 1487 1492 1536
4329 23
4330 421
4331 872 1527
4332 6 117 789 1144
4333 21
4334 21
4335 21
4336 21 156 244 1416
4337 6
4338 872
4339 1512
4340 6
4341 271
4342 6 1293
4343 6
4344 23 545
4345 117 249 735 789 1051
4346 6
4347 297
4348 30
4349 297
4350 297
4351 249 789 1224 1241
4352 297
4353 297 1499
4354 1103 1413
4355 1527
4356 328 1538
4357 297 1400 1539
4358 1540
4359 6 22
4360 127 308
4361 872 1525
4362 21
4363 21 127 701 923
4364 23
4365 872
4366 6
4367 6
4368 6 22
4369 531
4370 6
4371 872
4372 1379 1541
4373 297
4374 453
4375 297
4376 6
4377 25
4378 6 21 23 117 297 324 327 431 438 992 1147 1446
4379 6 22
4380 22 164 286
4381 453
4382 872
4383 748 1353
4384 431
4385 6
4386 1103
4387 297 1479
4388 25 1538
4389 6
4390 297
4391 1534
4392 286 1032
4393 1527
4394 156
4395 25 1329
4396 23 872
4397 6
4398 6
4399 1033
4400 156
4401 21 25 36 156 328 388 437 748 913 1135 1484
4402 1542
4403 6
4404 6 1481
4405 82 156
4406 6 25 30 39 338 1353
4407 6 1419
4408 22 240 271 694 1368
4409 22 271 286
4410 1534
4411 297
4412 23 25
4413 6
4414 1534
4415 6
4416 23
4417 188
4418 6 21 127
4419 23 1527
4420 297
4421 76 789 1543
4422 597
4423 22 324
4424 450
4425 453
4426 1497
4427 297
4428 6
4429 249
4430 21 74
4431 297 324
4432 872
4433 39
4434 481
4435 22
4436 1416
4437 6
4438 21
4439 6
4440 297 1400 1544
4441 271
4442 6
4443 25
4444 6
4445 164
4446 39 872
4447 6
4448 297
4449 6
4450 30
4451 127 263 327 748 1259
4452 21 23 177 449
4453 186
4454 297
4455 297
4456 6
4457 6
4458 6 117 1481
4459 286 1545
4460 6
4461 23 164 169 913 1501
4462 1138
4463 22
4464 30 1527
4465 6
4466 297
4467 297
4468 6
4469 297
4470 22 30 286
4471 30 1524 1546
4472 297 1400 1479 1544 1547
4473 297
4474 872
4475 45
4476 25
4477 36
4478 6
4479 6 21 39
4480 453
4481 117 324
4482 6
4483 453
4484 6
4485 23 328 352 748
4486 249 789
4487 6
4488 23
4489 6
4490 21
4491 6
4492 6 21 74
4493 23
4494 22 74 169 694 991
4495 249 789
4496 164
4497 177
4498 598
4499 1527
4500 1343 1402
4501 127
4502 789
4503 1496
4504 297 991
4505 453
4506 6 1343
4507 297
4508 297
4509 297
4510 328 872
4511 6
4512 1527
4513 117 297 1548
4514 6 297
4515 6
4516 82 156
4517 156
4518 127
4519 6
4520 6
4521 453
4522 872 1545
4523 297
4524 1207
4525 6
4526 6 21 74
4527 6
4528 453
4529 1527
4530 1527
4531 23 156
4532 286
4533 6 249
4534 773
4535 6
4536 21
4537 453
4538 872
4539 6 22 73
4540 6
4541 23 297
4542 449
4543 6
4544 21 22 1141 1549
4545 1486
4546 6
4547 21
4548 872 1527
4549 21 286
4550 1550
4551 520 531 1551
4552 21
4553 297
4554 156 286
4555 6 30 286
4556 21 328 352
4557 21
4558 6 286
4559 6 1278
4560 6 21
4561 22 286 694 1368
4562 6
4563 6 246
4564 6
4565 22 30 491
4566 6
4567 1141 1546
4568 22
4569 453
4570 6
4571 271 491
4572 21 22 23 127 164 240 286 328 991
4573 453
4574 21
4575 6
4576 6
4577 6
4578 6 74
4579 6
4580 6
4581 127 164
4582 22 271 286
4583 6
4584 915
4585 6
4586 6 1278
4587 6
4588 6
4589 453
4590 22 65 1552
4591 6
4592 1527
4593 328
4594 21
4595 1077 1527
4596 23
4597 156
4598 164
4599 271
4600 6 229 297
4601 6
4602 6
4603 127
4604 21
4605 858
4606 6
4607 6
4608 1315
4609 246
4610 6
4611 6 1289
4612 6 74 236 1133
4613 6 23 117 324 1278 1447
4614 6
4615 6
4616 6
4617 297
4618 6
4619 6
4620 21 23 25 36 156 328 748 913
4621 271
4622 39 328
4623 6 117
4624 789
4625 22 461 1144
4626 1545
4627 6 1517
4628 453
4629 297
4630 21 23 30 702 1337
4631 286
4632 6
4633 6
4634 6
4635 453
4636 297
4637 6
4638 324
4639 6
4640 6
4641 915
4642 453
4643 602
4644 6
4645 21
4646 813
4647 6
4648 23
4649 1289
4650 872
4651 127
4652 244
4653 271
4654 6 31
4655 22 1286
4656 6 22 286
4657 694
4658 286
4659 6
4660 164 1483
4661 6
4662 6
4663 6
4664 6
4665 21
4666 6 31 597 1481
4667 328
4668 453
4669 21
4670 23
4671 421
4672 6
4673 789
4674 22
4675 286
4676 6
4677 6
4678 297
4679 21
4680 6 21 22
4681 22 74 246 789
4682 6
4683 80 761
4684 6
4685 6 21 23 1553
4686 1554
4687 6 127
4688 286
4689 6
4690 6 249
4691 6 286
4692 1555
4693 297
4694 1542
4695 520 1289
4696 271 1032
4697 297
4698 23
4699 453 1216
4700 21 701
4701 701
4702 6
4703 240
4704 453
4705 453
4706 21
4707 22 127 748
4708 21 25 748
4709 6
4710 453
4711 6 117 1349
4712 453
4713 6
4714 30 244 363 792 816 896 1471 1535 1556
4715 23
4716 6 23 811
4717 6
4718 991 1557
4719 297
4720 6
4721 6 39
4722 30 558
4723 6 286
4724 297
4725 6 872
4726 22 25
4727 249 789
4728 21 22 23 286 327 748
4729 6
4730 6
4731 22 872
4732 21 22 23 286 327 1558
4733 6
4734 164
4735 6
4736 74
4737 6
4738 1559
4739 1542
4740 23
4741 327 748 1216
4742 6 597
4743 6
4744 324
4745 21 23 164 701 1337
4746 6
4747 297
4748 6
4749 297
4750 271
4751 23
4752 6
4753 493
4754 291 664 984
4755 22
4756 6 1560
4757 6
4758 21 22
4759 364
4760 6
4761 25 1463
4762 6 30
4763 6 21
4764 453
4765 271
4766 23 155
4767 453
4768 297
4769 21
4770 6
4771 6 169
4772 246 1141
4773 297
4774 1374
4775 21 22 23 286
4776 22 23
4777 6
4778 915
4779 21 701 702 1337 1468 1469
4780 1307
4781 453
4782 1307
4783 6
4784 6 328
4785 6
4786 249
4787 6
4788 21
4789 22 271 1368 1562
4790 23
4791 1563
4792 6
4793 127
4794 6 30
4795 277
4796 1133
4797 6 156
4798 324
4799 6 286
4800 453
4801 6
4802 6 74
4803 6 1379
4804 1368
4805 240 328 748 953 1514
4806 21
4807 21
4808 25
4809 6
4810 297
4811 249
4812 6
4813 127 1306
4814 6
4815 6 249 297 789 1564
4816 701
4817 453
4818 30 363
4819 6
4820 6
4821 6
4822 6
4823 22
4824 6 169
4825 327
4826 6
4827 127 229
4828 324
4829 6
4830 21
4831 6
4832 324
4833 6
4834 25 1565
4835 991
4836 1566
4837 6
4838 277 453
4839 6 117
4840 22
4841 453
4842 6
4843 775
4844 324 388
4845 286
4846 127 277 1286
4847 6
4848 634 1211
4849 21 164 701
4850 23
4851 6
4852 127
4853 6
4854 6 1402
4855 6
4856 297
4857 6 103
4858 30
4859 249
4860 23 244 1567
4861 25
4862 6
4863 21 23 82 156
4864 65
4865 127 1027
4866 30 156
4867 6
4868 6
4869 6
4870 6 117 229
4871 6 23 229
4872 6
4873 6
4874 6
4875 297
4876 1141
4877 6
4878 6
4879 6
4880 21
4881 1336
4882 22 872 1141
4883 6 169 324
4884 991
4885 127
4886 23 324 431
4887 6
4888 22 271
4889 286
4890 23
4891 1147
4892 6
4893 6
4894 6
4895 6
4896 6
4897 30
4898 6
4899 324 450
4900 297 1325
4901 6
4902 6 25
4903 6
4904 6 291 511 664
4905 328
4906 297
4907 189
4908 22
4909 21
4910 21 156
4911 6
4912 6
4913 6
4914 280 431
4915 6
4916 6
4917 1255
4918 23 953
4919 1270 1385
4920 6 23
4921 22
4922 164
4923 6
4924 21
4925 450
4926 21 127
4927 297
4928 6 338
4929 22
4930 25
4931 185 187 188
4932 21 23 324 578 1447
4933 249
4934 324
4935 6
4936 286
4937 6
4938 297
4939 431 913 1349
4940 6 23
4941 21 22 23 31 127 164 338
4942 25
4943 6 21 22 30 249 286 352
4944 189
4945 6
4946 21
4947 6
4948 6
4949 30
4950 789 872 1545
4951 6
4952 6
4953 1255
4954 6 23
4955 328
4956 6
4957 21 164 327
4958 328
4959 23
4960 6
4961 6 21
4962 324
4963 23
4964 6 21 22 992
4965 21
4966 1446
4967 297
4968 6
4969 164 748
4970 6
4971 21
4972 6
4973 189
4974 23
4975 6
4976 6
4977 6
4978 22 30 74 127
4979 6
4980 6
4981 6
4982 1468
4983 327 748
4984 1497
4985 169
4986 6 21
4987 23 1379
4988 6
4989 23 450
4990 6
4991 6
4992 31 324
4993 1527
4994 74 127 236 338
4995 6 1255
4996 6 21
4997 1497
4998 22
4999 127 327
5000 6
5001 872
5002 453
5003 6
5004 6
5005 6
5006 6 1568
5007 6 21 23
5008 6 23
5009 6
5010 6 1568
5011 6
5012 21
5013 364 520
5014 0 6 21 23 229 297 431 992
5015 6
5016 6
5017 127
5018 36
5019 453
5020 6 30 31 761 992
5021 164
5022 6
5023 6 187 1198 1499
5024 23
5025 6
5026 6 23
5027 25 189
5028 6
5029 21
5030 6
5031 6
5032 6
5033 6
5034 23
5035 6
5036 1150
5037 6
5038 6
5039 6 648 992
5040 6
5041 30 388
5042 23
5043 6
5044 6
5045 286
5046 22
5047 1570
5048 1571
5049 249 352 916 953 1433 1457 1567
5050 1497
5051 297
5052 1497
5053 792
5054 6 23 1457 1565
5055 1164
5056 286
5057 6
5058 74 127 164 177 240 283 701 1358 1549 1570 1573
5059 6
5060 1576
5061 189
5062 493
5063 6
5064 6
5065 328
5066 6 23 277
5067 22
5068 21 1469 1488 1489
5069 6
5070 6 23 297 324
5071 6
5072 21 297
5073 6
5074 6
5075 6 21 23
5076 22 271 286 1368
5077 6
5078 6 23
5079 1141
5080 6
5081 21 327
5082 6
5083 103
5084 597
5085 6
5086 6
5087 328
5088 1497
5089 703
5090 6
5091 117 1446
5092 1554
5093 453
5094 6
5095 23 324 992
5096 6
5097 6
5098 6
5099 453
5100 1574
5101 22 156 701
5102 1554
5103 597
5104 23 327 748
5105 30 271
5106 453
5107 6
5108 6
5109 21
5110 169 1133
5111 21 22 240 286
5112 1141
5113 6
5114 1565
5115 6
5116 21 22 164
5117 6
5118 127 164 177 283 490 653 1141 1358 1549 1570 1574 1575
5119 6
5120 328
5121 6
5122 6
5123 1027
5124 0
5125 23
5126 1558
5127 280
5128 25 1440
5129 1561
5130 6
5131 1554
5132 22
5133 6
5134 6
5135 6
5136 6 1577
5137 286 872
5138 327
5139 6 127 1278
5140 6
5141 297
5142 453
5143 6 1579
5144 25
5145 6 21 74 164 177 189 236 277 286 327 748
5146 1224
5147 6
5148 6 286
5149 1497
5150 6
5151 6
5152 30
5153 23 244
5154 6
5155 25 297
5156 23
5157 21
5158 1463
5159 328
5160 21
5161 6
5162 6 249
5163 6 23 74
5164 30
5165 327
5166 297
5167 6
5168 169
5169 22
5170 1542
5171 328
5172 450
5173 23
5174 297
5175 23
5176 1027 1164
5177 23
5178 6 21 702
5179 1497
5180 6
5181 872
5182 6
5183 6
5184 23 25
5185 1554
5186 0
5187 6 1434
5188 297
5189 6
5190 6
5191 6
5192 453
5193 23
5194 328 748
5195 1580
5196 6
5197 453 991
5198 6
5199 6
5200 578
5201 23 701 789 1337
5202 872
5203 1565
5204 453 991
5205 240
5206 277 1433
5207 6
5208 6 22
5209 23
5210 23
5211 127
5212 6
5213 585 1565
5214 6
5215 6
5216 6 21 169 1133
5217 6
5218 164
5219 453
5220 31 286
5221 6
5222 6 648
5223 453
5224 6
5225 1554
5226 748
5227 23
5228 6
5229 6
5230 22 286
5231 991
5232 6
5233 1497
5234 6
5235 6
5236 6
5237 6
5238 6
5239 6
5240 1558
5241 6 23
5242 6 872
5243 6
5244 30
5245 6 286 1581
5246 6 31
5247 6
5248 1527 1581
5249 6
5250 748
5251 6
5252 6
5253 453
5254 748 1514 1583
5255 22 169
5256 6 22 286
5257 6
5258 6
5259 21 156
5260 21
5261 23
5262 6 22 30
5263 1542
5264 6
5265 1497
5266 23
5267 23
5268 6 648
5269 748
5270 277 297
5271 22
5272 6
5273 22
5274 6 21
5275 127
5276 789
5277 327
5278 177
5279 6
5280 6
5281 6
5282 6
5283 453
5284 6
5285 22
5286 6 21
5287 6
5288 127
5289 6
5290 1133 1433
5291 6
5292 1584
5293 324
5294 21 23 1489
5295 25 748
5296 127 164 991 1259
5297 1556
5298 748
5299 6
5300 286
5301 453
5302 6
5303 6
5304 1309
5305 6
5306 1309
5307 6
5308 21 327
5309 6 23
5310 453
5311 1501
5312 6
5313 286 453
5314 177
5315 271
5316 1497
5317 6
5318 21 22
5319 6
5320 25
5321 453
5322 6
5323 74 80 664 915 984 1452
5324 872
5325 453 919
5326 286
5327 22
5328 6 25
5329 6
5330 23 597 1585
5331 6 21
5332 6
5333 6 21 449
5334 453
5335 6
5336 286
5337 6
5338 21 23
5339 6
5340 117 169 761 1133
5341 919
5342 6 21
5343 6 74
5344 1433
5345 6 449
5346 6
5347 6
5348 30
5349 6 648 1417
5350 164 701 953 1337 1348
5351 6
5352 297
5353 22
5354 1541
5355 21 1244
5356 6
5357 855
5358 286 789
5359 6
5360 6 127
5361 6
5362 6
5363 21 23
5364 6
5365 6
5366 453
5367 872
5368 6
5369 6 1561
5370 6 992
5371 22 30 491 694
5372 324
5373 23
5374 324
5375 1558
5376 297
5377 21 1337
5378 22 169 327 490 653 748 1368 1544 1573
5379 453
5380 22
5381 585
5382 21 65 872
5383 23
5384 6
5385 6
5386 286 364
5387 453
5388 21 22 23
5389 6
5390 6 648
5391 328
5392 6
5393 21
5394 6 286
5395 453
5396 453
5397 22
5398 872
5399 992
5400 25 30
5401 872 1545
5402 6
5403 297
5404 1584
5405 872
5406 6
5407 6 297
5408 23
5409 6 21
5410 1586
5411 6
5412 1520
5413 323
5414 6
5415 164
5416 21
5417 22 65
5418 6
5419 6
5420 6
5421 6 648
5422 453
5423 21 22
5424 872 1545
5425 23
5426 6
5427 735
5428 6 21 23
5429 6
5430 703 992
5431 286 1278
5432 6
5433 23
5434 6
5435 6
5436 6
5437 1587
5438 189 249 1389
5439 6
5440 1141
5441 297
5442 286
5443 73
5444 991
5445 80 286 1336 1589
5446 22 156
5447 1569
5448 1568
5449 6
5450 919
5451 6
5452 22
5453 156 1416
5454 6
5455 6
5456 6
5457 6 648
5458 117 550
5459 6
5460 6 127 511
5461 6
5462 23
5463 6
5464 1447
5465 169
5466 6 21
5467 6
5468 6
5469 1584
5470 6
5471 6
5472 1433 1527
5473 1561
5474 6
5475 872 1545
5476 164 240 352 701 702 789 934 1286 1337 1457
5477 6 1447
5478 6 189 286
5479 748
5480 6
5481 388 453
5482 992 1591
5483 6
5484 23
5485 6
5486 30
5487 6
5488 127 453
5489 1527
5490 6
5491 6
5492 6
5493 6
5494 6
5495 127
5496 169
5497 31
5498 21
5499 324
5500 1198
5501 992
5502 31
5503 6
5504 453
5505 6
5506 453 991 1368
5507 6
5508 6 169
5509 1141
5510 1501
5511 1527
5512 6 597 1367
5513 21 1337
5514 6 648
5515 872
5516 6
5517 6
5518 271
5519 6 23 648 1353
5520 6
5521 164
5522 1592
5523 6
5524 6 286
5525 6 23 117
5526 6
5527 127 164
5528 701 872
5529 189
5530 6
5531 21 156 327
5532 6
5533 6
5534 6
5535 1522
5536 6
5537 6
5538 6
5539 22 23 39 431 1133 1207
5540 6
5541 23
5542 6
5543 22 271 286
5544 811 883
5545 127
5546 6
5547 21
5548 6
5549 21
5550 6
5551 271
5552 1593
5553 117
5554 22
5555 6
5556 6
5557 23
5558 21
5559 23
5560 6 22
5561 453 1581
5562 6
5563 6 511 1446
5564 286
5565 6
5566 6
5567 6 21 23 74 117 648
5568 31
5569 327
5570 453
5571 648
5572 6
5573 6 297 648
5574 6
5575 297
5576 6
5577 6 872
5578 164
5579 6
5580 21
5581 6
5582 6
5583 811
5584 748 1216
5585 6
5586 6
5587 6
5588 6
5589 22 1416
5590 21 324 438
5591 352
5592 6 21
5593 21 1337 1489
5594 6
5595 23
5596 65 872
5597 6 23 748
5598 0 117 388 1349
5599 6
5600 453
5601 453 1379
5602 6
5603 748
5604 1133
5605 6
5606 6 23
5607 23
5608 6
5609 23 872
5610 6
5611 21
5612 22 164 701
5613 490
5614 164
5615 21
5616 6
5617 23
5618 156
5619 6
5620 6
5621 6
5622 6
5623 6 23 164
5624 1031
5625 6
5626 324
5627 249 789
5628 6
5629 6
5630 6
5631 6
5632 648
5633 6
5634 164
5635 6 23 117
5636 6
5637 6
5638 872 880
5639 490
5640 6
5641 6
5642 6
5643 23
5644 6
5645 6
5646 6
5647 915
5648 6 1572
5649 6
5650 6
5651 6
5652 65 453
5653 6
5654 1594
5655 21
5656 23
5657 6
5658 6 648 992
5659 21 23
5660 6
5661 6
5662 324
5663 6
5664 6
5665 6
5666 453
5667 6
5668 6
5669 21
5670 6 21
5671 164 1594
5672 164 701 1368
5673 249 789
5674 6 23
5675 6 74 80 169 246 449 491 952 1147 1489 1595
5676 6 22
5677 6
5678 21
5679 23
5680 6
5681 324 431 880
5682 297
5683 22
5684 23
5685 1594
5686 21
5687 6
5688 6
5689 6
5690 6 169
5691 21
5692 6
5693 6
5694 453
5695 6
5696 6
5697 22
5698 22 127
5699 185
5700 6
5701 761
5702 6
5703 6
5704 23
5705 6
5706 6
5707 453
5708 6
5709 6
5710 6
5711 6
5712 6
5713 6
5714 6
5715 6
5716 22 327 1337
5717 6
5718 186
5719 6
5720 21
5721 6
5722 6
5723 6
5724 23
5725 6
5726 6
5727 6
5728 6
5729 6
5730 23 748 1596
5731 6
5732 23
5733 6
5734 748
5735 1594
5736 283
5737 6 913 992 1278
5738 23
5739 6 449
5740 6
5741 22
5742 6
5743 6
5744 127 189
5745 23
5746 6
5747 6 1481
5748 6 648
5749 6
5750 6
5751 6
5752 127
5753 6
5754 6
5755 297
5756 6
5757 6
5758 6
5759 6
5760 6
5761 6
5762 249 1241
5763 22 324 338
5764 1150
5765 453
5766 6
5767 324
5768 23
5769 6 648
5770 22
5771 6
5772 6 21
5773 6
5774 453
5775 748
5776 23
5777 297
5778 22
5779 22
5780 23
5781 6
5782 6
5783 6
5784 6
5785 6
5786 6
5787 6
5788 6
5789 6
5790 6
5791 6
5792 6
5793 6
5794 6
5795 6
5796 1594
5797 286 388
5798 748
5799 453
5800 872 880 1597
5801 23
5802 6
5803 748
5804 6
5805 6
5806 6 324
5807 6 22
5808 22 1565
5809 6
5810 23
5811 324
5812 271
5813 6 648
5814 6
5815 453
5816 6 1591
5817 6
5818 31 169 286
5819 23 297 648 748 991
5820 324
5821 6
5822 453
5823 6
5824 6 992
5825 6 286
5826 6
5827 6
5828 453
5829 21
5830 6
5831 297
5832 324
5833 6
5834 6
5835 127 164
5836 21
5837 1594
5838 6
5839 453 913
5840 297
5841 6
5842 23 164 297 913 992 1270 1446
5843 6
5844 6
5845 648
5846 21 748
5847 6
5848 6
5849 271
5850 6 449 1434
5851 6
5852 6
5853 6
5854 31
5855 6
5856 23 653
5857 127 164
5858 22
5859 6
5860 1150
5861 6
5862 23
5863 6
5864 23
5865 22
5866 6 23 164 177 277
5867 6 236
5868 896
5869 6
5870 23 324 913
5871 324
5872 23
5873 297 578
5874 6
5875 127
5876 6
5877 286
5878 6 913
5879 6
5880 6
5881 6 22 286 1278
5882 6
5883 6
5884 127
5885 6 338
5886 21
5887 6
5888 6
5889 23
5890 22 297
5891 6
5892 6
5893 22
5894 6
5895 23
5896 22
5897 1501
5898 1286
5899 177
5900 22
5901 880
5902 6
5903 1418
5904 6
5905 6 648
5906 6
5907 6
5908 1549
5909 6 449
5910 23 236
5911 1482
5912 286
5913 80 286
5914 453
5915 6 236
5916 6
5917 6
5918 164 1594 1599
5919 1433
5920 748 1565
5921 1576
5922 22
5923 6
5924 23 896 1487 1600
5925 6
5926 23
5927 23 327 1320
5928 6
5929 324 648
5930 65 156
5931 6 992
5932 6
5933 6
5934 6
5935 22
5936 748
5937 286
5938 6
5939 6
5940 6 23 1198
5941 6
5942 6
5943 6
5944 6
5945 453
5946 6 117
5947 127 164 327 1599
5948 22
5949 6 127
5950 352 453
5951 23 1511
5952 6
5953 6
5954 6
5955 453
5956 6
5957 6
5958 23
5959 23
5960 6
5961 896
5962 6
5963 493
5964 127 164 327 738 748 1582 1602
5965 23
5966 22
5967 23
5968 453
5969 6
5970 22
5971 21 23
5972 6
5973 6
5974 648
5975 6
5976 6
5977 6
5978 23
5979 23
5980 23
5981 164 324 913 1446
5982 6
5983 6
5984 6
5985 1368
5986 23
5987 648 1603
5988 6
5989 6
5990 21
5991 6
5992 6 324 1604
5993 6
5994 6
5995 6 449 648
5996 6
5997 453
5998 277
5999 453
6000 6
6001 6
6002 748
6003 6
6004 6
6005 992
6006 6
6007 80
6008 6
6009 6 21 23
6010 6 23 872
6011 6
6012 22 23 156 327 1605
6013 286
6014 6
6015 6
6016 6
6017 6
6018 6
6019 6
6020 6
6021 6
6022 6 22 23 80 117 449 648 748
6023 6
6024 701
6025 164
6026 6
6027 6
6028 23
6029 6
6030 453
6031 23
6032 991
6033 23
6034 388
6035 6
6036 6
6037 6
6038 6
6039 6 449
6040 22
6041 127
6042 6
6043 6
6044 6
6045 6
6046 6 449
6047 22 127
6048 6
6049 22
6050 324 449 1434
6051 6 648
6052 22 286
6053 23 453 701 1535 1567
6054 6
6055 127 166
6056 23
6057 23
6058 22 23 127 164 286 327 748 1508 1602
6059 6
6060 6
6061 6
6062 648
6063 6
6064 6
6065 22 23 913
6066 22
6067 22
6068 6
6069 6
6070 438 453
6071 6 286
6072 23 934
6073 22
6074 6
6075 22
6076 1544
6077 6 23 431
6078 22
6079 6 22 1604
6080 22
6081 6
6082 164 701 748 1337 1594
6083 286
6084 6
6085 6
6086 6
6087 6
6088 164
6089 6
6090 748
6091 6
6092 21 22 23 286 327 701 748 1446 1570
6093 6 23
6094 22
6095 6
6096 22
6097 6 1579
6098 6
6099 6
6100 6
6101 6
6102 22 286
6103 164 327 748 1286
6104 6
6105 6
6106 166
6107 6
6108 1579
6109 6
6110 23
6111 6
6112 23
6113 286
6114 6 648
6115 6
6116 6
6117 23 748 1457
6118 6
6119 324
6120 6 188
6121 23
6122 6
6123 6
6124 6
6125 6
6126 6
6127 23
6128 431 453
6129 6
6130 453
6131 701 1521
6132 6
6133 6
6134 324
6135 297
6136 6
6137 6
6138 6
6139 6
6140 6
6141 6
6142 748
6143 6 748
6144 6
6145 6
6146 6 648
6147 431
6148 6
6149 286
6150 6
6151 6
6152 23
6153 22
6154 80 1606
6155 6 531
6156 6
6157 1286
6158 6
6159 6
6160 6
6161 6
6162 164 453 913 1349
6163 6
6164 324
6165 283
6166 6
6167 6
6168 6
6169 1482
6170 6
6171 22
6172 6
6173 1286
6174 22 166
6175 6 117
6176 6
6177 127 164
6178 6
6179 6
6180 6
6181 6
6182 1598
6183 6
6184 22 1607
6185 6 277
6186 6
6187 6
6188 6
6189 6
6190 6 291 664 984
6191 6
6192 6 277
6193 6
6194 6
6195 6
6196 6
6197 6 23 127 1278
6198 6 291 648
6199 6
6200 6
6201 6
6202 6 72 297 735
6203 6 324
6204 297
6205 6
6206 6
6207 6
6208 6
6209 6 648 1544
6210 6
6211 6
6212 188
6213 6
6214 22 453
6215 6
6216 6
6217 6
6218 6
6219 6
6220 23 324
6221 6
6222 6
6223 6
6224 6
6225 908
6226 6 277
6227 117
6228 6
6229 6 236
6230 23
6231 6 23 117
6232 21 22 23 82 156 1604
6233 22 545 1157 1416
6234 22
6235 6
6236 6
6237 6
6238 156 913
6239 286
6240 6
6241 6
6242 6 286
6243 324 648
6244 6
6245 748
6246 6 324 648
6247 531
6248 286
6249 1526
6250 6
6251 6
6252 6
6253 6
6254 6
6255 6 648
6256 23 748
6257 748
6258 1084
6259 6
6260 164
6261 23
6262 286
6263 6
6264 6
6265 6
6266 6
6267 156
6268 6
6269 23 324
6270 23
6271 748
6272 6
6273 431
6274 6
6275 6 364
6276 6
6277 6
6278 6
6279 6
6280 748
6281 6
6282 6
6283 6
6284 6 23 283 1446
6285 6
6286 297 913
6287 6
6288 6
6289 6 286
6290 6
6291 6
6292 324 992 1446
6293 6
6294 6
6295 22
6296 6
6297 22
6298 324
