0 0
1 1
2 1
3 2
4 3
5 4
6 1
7 5
8 6
9 7
10 1
11 1
12 1
13 8
14 9
15 1
16 10
17 11
18 1
19 12
20 1
21 1
22 1
23 13
24 14
25 15 16
26 1
27 10
28 1
29 17
30 18 19
31 20
32 21
33 22
34 1
35 1
36 1
37 17
38 23
39 24 25
40 10
41 1
42 10
43 26
44 27
45 1
46 28
47 29
48 6 17
49 10
50 1
51 10
52 1
53 1
54 21 25 30 31
55 6
56 10
57 1
58 32
59 10
60 1
61 33
62 34
63 1
64 10
65 1
66 35
67 18 21 25 36
68 1
69 1
70 35
71 37
72 10
73 38
74 36 39
75 18
76 1
77 35
78 1
79 10
80 37
81 15 41 42 43
82 37
83 18
84 44
85 35
86 45
87 1
88 46
89 15
90 47
91 18 19
92 37
93 48
94 35
95 6 30 49
96 2
97 50
98 21 51
99 38
100 37
101 52
102 6
103 53
104 54
105 35
106 17
107 55
108 37
109 56
110 36
111 6
112 57
113 6
114 57
115 58
116 30
117 57
118 59 60
119 25 61 62
120 21 63 64
121 57 66
122 6 52 67
123 68 69
124 57
125 61
126 70
127 6
128 57
129 16 71
130 41 72
131 57
132 6 73 74
133 75 76
134 6
135 44
136 77
137 78
138 79 80
139 81 83 84
140 85 86 87
141 88
142 9
143 89
144 21 90
145 6 91 92
146 2 9
147 93
148 9
149 74
150 68
151 9
152 1 94
153 12
154 6 44 95
155 6
156 37
157 37
158 96
159 57 97
160 25
161 98
162 99
163 36
164 100
165 101
166 102
167 103
168 94
169 104
170 105
171 6 107 108
172 106
173 109
174 110
175 111
176 6 17
177 57
178 37
179 6
180 57 112
181 113 114
182 6 115
183 57
184 37
185 116
186 16
187 117 118
188 57
189 6
190 57
191 119
192 25 30
193 57
194 9 120
195 9
196 57
197 121 122 123
198 124 125
199 57 66
200 41
201 126
202 127
203 110 129 130 131
204 2 132
205 57 132 133
206 134
207 71 135
208 57
209 6 136 137
210 138
211 41 139
212 140
213 30 64 142 143
214 57
215 63 64
216 144 145
217 139
218 57
219 146 147
220 148
221 6 149
222 6
223 74 150 151
224 152 154 155
225 82 156
226 25
227 157
228 158 159
229 21 84 160 162
230 163
231 21 156
232 127 164 166
233 167
234 51
235 167
236 11
237 168
238 25 36 169
239 57 132 170 171
240 172
241 21 25
242 30
243 57 66 173
244 6 25 176 177
245 178
246 2 179
247 180
248 85 182 183
249 25 30 184 185 186 187 188
250 190
251 191
252 30 184
253 44
254 8 25 192
255 193
256 194
257 195
258 25 30 196
259 197 198
260 199
261 200
262 51
263 57 66 132 173 201 202
264 25 30 57 163
265 21 203
266 205 206 207 208 209 210
267 6 39 211
268 52
269 212
270 51
271 213
272 17
273 213
274 214
275 44 215
276 216
277 217
278 218
279 219
280 35 57 173
281 22 220 221
282 9 36 223
283 224
284 218
285 225
286 8 21 226
287 21 227
288 43 136 228
289 6 43 149 229
290 230
291 21 30 127 197 231
292 232
293 136
294 233 234
295 235
296 6 236
297 237
298 238
299 0 8 239 240
300 241 242 243
301 23 80 244
302 245
303 0 2 15 23 30 52 74 246 247 248 249 250
304 17 25 251
305 21
306 252 253 254 256
307 252 253
308 252 253
309 167
310 257
311 71
312 228 258
313 254
314 22 259 260
315 261
316 23 74 262
317 258
318 6 153 263
319 264
320 265
321 84
322 75 243
323 266
324 267
325 265
326 21 123 165 268 270
327 193
328 7
329 193
330 271
331 272
332 84 156 162
333 193
334 42
335 273
336 274 275
337 162
338 266
339 161
340 276
341 6 39 41 229
342 9
343 57 277 278
344 23 149 155
345 51 147 163
346 6 149
347 25 57 173
348 279
349 44
350 280 281 282
351 225
352 283 284
353 285 287 288
354 280 289
355 17 290
356 22 286 291 293 294
357 295
358 296 297
359 298
360 22 30 143 222 299 300 301
361 302
362 303
363 304 305 306
364 298
365 252 253
366 30 127 236 307 308
367 60
368 21 161 310
369 311
370 90 249 312 313 314 315 317 318 319
371 320
372 321
373 322
374 44
375 292
376 323
377 6 94 325
378 24
379 106
380 84
381 165 326
382 23 25 327 328
383 6 23 330
384 331
385 25 30 332
386 16 333
387 334
388 271 286 335
389 336
390 127
391 337
392 25 30 143 155 178 338 339
393 6 30 74 143 236 248 341 342
394 16 343
395 163
396 344 345
397 6 25 30
398 346
399 99
400 347
401 6
402 348
403 281
404 257
405 349
406 21 25 30
407 6
408 350
409 6 123
410 351
411 0 6
412 236
413 236
414 21 22 352
415 20
416 353
417 354
418 355
419 6 39 136
420 292
421 41
422 257
423 356 357
424 6 103
425 358
426 22 294 359 361
427 156 362
428 363 364
429 25 30 143 163 365 367 368
430 358
431 0 238 250
432 21 63 141 218 369 370
433 369
434 10
435 25 143 163 365 366 367 368
436 371
437 288
438 30 226 239
439 30 372 373
440 63
441 374
442 110
443 375
444 1
445 285 288
446 376
447 10
448 10
449 106
450 0 30 149 377
451 288
452 6 39 41 229
453 10
454 298 378
455 10
456 10
457 6 52
458 114
459 298
460 10
461 10
462 10
463 10
464 22 86
465 379 380 382 383 384 385
466 114
467 10
468 10
469 10
470 10
471 10
472 10
473 10
474 10
475 386
476 51 147 363
477 387
478 73 74 388
479 52
480 389
481 6 31
482 25 30 36
483 390
484 391
485 30 41 99 156 257 345 392 393 394 396 397 398 399 400 401 402 403
486 6
487 6
488 10
489 10
490 404
491 10
492 10
493 10
494 10
495 10
496 10
497 405
498 10
499 6 406
500 407
501 408
502 60
503 6 409
504 410
505 25 411
506 30 52 60 143
507 364
508 412
509 10
510 127 413 414
511 6 25 415
512 383 416 417
513 418 419
514 420
515 10
516 6 421
517 6 17
518 422
519 423
520 31 424 425
521 426
522 383 427
523 1
524 298 428
525 429
526 430
527 431
528 6
529 420 433 434 435
530 44
531 436
532 437
533 430
534 6 73 74
535 152 302
536 438
537 439
538 6 64 141
539 440
540 6
541 30 372
542 441
543 74 147 409
544 442 443
545 6
546 23 444
547 21 445
548 6
549 222
550 6
551 446 447
552 6
553 0 6 388 449 450 451 452
554 10
555 6
556 453 454 455
557 2
558 6 17 23
559 456 457
560 6
561 456 457
562 2
563 6 25
564 2 52
565 10
566 6
567 458
568 292 459
569 10
570 376
571 30 82 83 156 161 227 460
572 22 24 461
573 462
574 249 314 463 464 465 466 467 468 469 470 471
575 22
576 6
577 248
578 6
579 197
580 472 473
581 474
582 25 30 143
583 22 24 323
584 475
585 337
586 29 364 477
587 478
588 22 479
589 6
590 25
591 25 156
592 376
593 163
594 480
595 39 481 482
596 8
597 8 24 343
598 6
599 483 484 485
600 6 149 486
601 487 488
602 489
603 439
604 6
605 439
606 21 156 372
607 6
608 490 491 492
609 493
610 493
611 6 479
612 494 495
613 496
614 497 498 500 501 502
615 503 504
616 22 294 359 505
617 25 506 507
618 508
619 509 510
620 18
621 511
622 508
623 292 512
624 21 455
625 30 169 244 372 513 514 515 516 517
626 6
627 518
628 519
629 23 40 127 346 520
630 36 163 437
631 522
632 6
633 62
634 6 25 52
635 21
636 523
637 117
638 6 151
639 524
640 96
641 103
642 6 408
643 6 229
644 525
645 30 36 526
646 36
647 6
648 163
649 387
650 21 22 25
651 144 527
652 6 74 136 248 286 528 529
653 408
654 10
655 6
656 79
657 530
658 99 172 532 533
659 103 117 534
660 10
661 25 30 52
662 535
663 6 149
664 536 537
665 25 36 465
666 21 156
667 421
668 287
669 538
670 6
671 6
672 6
673 147 364 441 539 541
674 49
675 10
676 156
677 233 234 542
678 10
679 543 544
680 63
681 6
682 21 518 545
683 103
684 6 30 52
685 6
686 25
687 6 25
688 6 23 123
689 6 30 43 49 57 112 211 341 463 546 547
690 63
691 548
692 17
693 549
694 57 170 550 551
695 63 64
696 10
697 23 25 42 52 553 554 555
698 17 21 165 437
699 487 488
700 10
701 557
702 302
703 8 25 321
704 25 30 36
705 559 560
706 10
707 21 227 460
708 25 561
709 562 563
710 156 162 564
711 79 462 565
712 145 330 566
713 567 568
714 292 569
715 51 79 570 571
716 6
717 83 161
718 6
719 25 323
720 103 572
721 10
722 10
723 573
724 574
725 23 79 575
726 556 576 577
727 30 74 479 578 579 580
728 581
729 17
730 6 172 479 580 582
731 309 346 583
732 6 99 584
733 6
734 10
735 249 585 586
736 172 292 587
737 79 588
738 55
739 42
740 10
741 589
742 6
743 17 251
744 39
745 6 590
746 222 335
747 6 325 529 591
748 2 49
749 25
750 222 286 335
751 39 136 409
752 592
753 376
754 10
755 30 372
756 0 593
757 387
758 6 151
759 10
760 21 156
761 594
762 10
763 242
764 340 593 595
765 596
766 236
767 6 151 597 598
768 21 25 600
769 6
770 601
771 49
772 6 151
773 376
774 6 103
775 6 23
776 602
777 17 64
778 6 409
779 603 604 606
780 25 323 352
781 607
782 10
783 25 36 251 608
784 6
785 103
786 610
787 10
788 337
789 103
790 81 162
791 75 611
792 480 612
793 442 613
794 562
795 17
796 17
797 10
798 233 542
799 83
800 52
801 614
802 52 123 615
803 6
804 21 156 161 295 567
805 238 617 618
806 249 619 620 621
807 6 238 409 622
808 25
809 0 6 448
810 10
811 6 623
812 25
813 39 75 190 248 350 624
814 21 156 564
815 337
816 25 30 251
817 10
818 10
819 6 30
820 383 625 626
821 628
822 6 21 25 60 80 136 143 169 177 248 325 629 630
823 376
824 631
825 162
826 6
827 631
828 6
829 21 156
830 10
831 632
832 455
833 359 360
834 10
835 6
836 44
837 284 369 564 633
838 22
839 21 25 30
840 246 413
841 21 25 30
842 634
843 6 479 635
844 30
845 103
846 103
847 49 488
848 636 637
849 6 638
850 421 439 639
851 36 372 640
852 6
853 284
854 641
855 22 490
856 642
857 25
858 277
859 641
860 241
861 25
862 163
863 21 25 30
864 643
865 6
866 644 645 646
867 147
868 52 647
869 21 203
870 6 49
871 25
872 6 648 649
873 6 650
874 10
875 40 346 649
876 387
877 10
878 651
879 302
880 141 564
881 135 651
882 302 382 383 652
883 6 15
884 302 383 416
885 576
886 6
887 653
888 45 82 564 567 654
889 6 25 68 177 656
890 302
891 6
892 657
893 21 156
894 381 382 383 416 427 652 658 659 660 661 662
895 22 172 286 291 541 664 665 666 667 669 670
896 671
897 94 672 673
898 639
899 21 23 25 71 460 523 583 674 675
900 676
901 6
902 25 60
903 94
904 83 156
905 677
906 6 25
907 238 616 617 678 679
908 222 286
909 10
910 103
911 21 127 564
912 680 681
913 172 286 292 293 580 683
914 684
915 21 685
916 103 372 572
917 686
918 8 248 687 688 689 690 691
919 6
920 23
921 692
922 203 693
923 593
924 16 71
925 271 335 694 695
926 39 602 640
927 696
928 10
929 30 697 698
930 651 699
931 21 81 600
932 593
933 94 700
934 6 94 127 147 164 165 220 244 307 324 362 421 673 701 702 703 704 705 706 707 708
935 21 523
936 25
937 6
938 8
939 29 51 163 249 343 363 364 539 619 709 710 711 712 714
940 6 17 30
941 715
942 716
943 16 717
944 436
945 716
946 6 30 698
947 10
948 51 147 249 363 655 705 718
949 17
950 10
951 10
952 10
953 720
954 593
955 10
956 10
957 292 293 580 721 722
958 103
959 723
960 6 724 725
961 10 80
962 25 372 698
963 10
964 584 726
965 727
966 728
967 22 86 490
968 479 729
969 21 45 82
970 60
971 151 449 730
972 117 323 731 732
973 6 136 409
974 734
975 6 21 99 735 737
976 17
977 99
978 726 738 740
979 10
980 436
981 25 52 687
982 10
983 436
984 741 742
985 729
986 10
987 83 156
988 742
989 25
990 743
991 10
992 493
993 10
994 220 744
995 17 529
996 21 156 745
997 746
998 747
999 16 619
1000 25 30 36 251 523 748
1001 694 749
1002 144
1003 750
1004 8 226
1005 751
1006 752
1007 30
1008 751 753
1009 21 30
1010 21 25 465
1011 754
1012 10
1013 83 84 156 755
1014 6
1015 6 409
1016 17
1017 619
1018 6 30 156 640 756
1019 16 25 52
1020 6 52
1021 6
1022 17
1023 6 723
1024 23
1025 387
1026 144
1027 39 493
1028 6 149 757
1029 364 706 759
1030 79
1031 760
1032 39 91 761
1033 762
1034 21 25 30 161 523
1035 462
1036 211
1037 6
1038 6
1039 10
1040 287
1041 763
1042 628
1043 25
1044 21 764
1045 6
1046 25
1047 409
1048 6
1049 23 30 51 147 244 249 718 765 766 767 768 769
1050 770
1051 59 751 753
1052 21
1053 6 52 117
1054 612
1055 103
1056 25 30 756
1057 685
1058 729
1059 23 123 421
1060 6
1061 25 638 771
1062 6
1063 6 772
1064 481
1065 52 773
1066 16 343
1067 74 774 775 777
1068 6
1069 80
1070 6 25
1071 30 143
1072 372 640 698
1073 6
1074 156 226
1075 778 779
1076 754
1077 780 781 782
1078 6
1079 23 123
1080 783
1081 25 30 619
1082 22 30 372
1083 52
1084 22 25 372
1085 784 785 786 788
1086 6 17 23 25 30 49 52
1087 25 30 260 790
1088 791
1089 387
1090 6 311 723
1091 723
1092 10
1093 10
1094 25 36 197 264 465 486 506 564 793 794 795 796 797 798 799 800 801 802 803 804 805 806
1095 10
1096 10
1097 807
1098 729
1099 6 25 30 36 143 248 449 543
1100 6 25
1101 6
1102 25 481 808
1103 437
1104 249
1105 25
1106 687 809 810
1107 39
1108 6 246
1109 25 506 811
1110 812
1111 619
1112 36 60 813
1113 475 814
1114 773
1115 16 30
1116 25 30
1117 25 815
1118 816 817 818
1119 16 25
1120 16
1121 21 156 819 820 821
1122 103 117 534 822
1123 823
1124 30 729
1125 3
1126 6 103
1127 824
1128 21 30 143 523 825
1129 439
1130 723
1131 11
1132 21
1133 6 30
1134 21 30
1135 6 73 826
1136 225
1137 752
1138 6 117 136 229 623
1139 6 136
1140 30 789 827
1141 486 593 828
1142 6
1143 578 619
1144 6
1145 17 21 25 30 123 372 829 830 831 833 834 835 836
1146 156 837
1147 508
1148 838
1149 7 839 840 841 842 843 844 845 846
1150 25
1151 6 21 25 229 323 638 729 832 847
1152 812
1153 31 558 684 706 759 848
1154 21
1155 249 372 493 789 851
1156 6 852
1157 6 16 151
1158 17
1159 6 151 853
1160 376
1161 21 23 854
1162 6 127 855
1163 96
1164 23 127 352
1165 6 325 409
1166 30 226
1167 409
1168 8 21 856
1169 25
1170 84 156
1171 857
1172 25 30
1173 31 51 52 147 364 558 756 759 816 859
1174 236 860 861
1175 812
1176 812
1177 242
1178 812
1179 22 271 286
1180 6 73 74
1181 25 488 638
1182 17 290
1183 25 789
1184 63
1185 8 21
1186 638 862
1187 21
1188 481
1189 251
1190 25 93 222 271 372 706 863 864
1191 25 103 698
1192 6
1193 30 735
1194 172 292 865 866
1195 6 25 136 151 473
1196 21 23 30
1197 21
1198 82 123 867
1199 868
1200 165 323
1201 6 21 25 155 698 869
1202 599 870
1203 16
1204 25 30
1205 6 308 871
1206 6 136 249 372 698 759 872 873
1207 25
1208 6 25 39
1209 6 73 74
1210 874
1211 6 39 151 308 409 558 759
1212 481
1213 439
1214 6 136 623
1215 875
1216 21
1217 21
1218 21
1219 6 151 876
1220 226
1221 16 110 619
1222 877
1223 6
1224 6 372
1225 25
1226 25
1227 25 127 165 249 286
1228 372 698 878
1229 346
1230 0 879
1231 880 881
1232 144
1233 351 882
1234 25 30 465 793 796 883 884 885
1235 6 30 82 156 372
1236 17 21 23 25 30
1237 17 23 556
1238 882
1239 886
1240 723
1241 51 147 363 718
1242 6 149 151 268 481 876 887
1243 337
1244 888
1245 6 886
1246 16
1247 49 481 698
1248 25 123
1249 508 874 889
1250 25 30 613
1251 455
1252 94 165 672 890
1253 30
1254 21 156
1255 23 891
1256 22 260 892 893 894
1257 6 529 876
1258 249 789 895
1259 16 343 388 789 864 895
1260 17 21 23 227 460 829 896 898 899 900 901 902
1261 6 25 903
1262 16 110 343
1263 6 21 23 25 94 123 136 431 481 905
1264 874
1265 25 94 149
1266 22 360
1267 68 906
1268 875
1269 6 907 908
1270 906
1271 909
1272 308 751
1273 699 910
1274 249 460 463 547 564 911 912
1275 465 803
1276 6 372 397 486 913
1277 161
1278 21 25 82 127 156
1279 914
1280 915
1281 30
1282 52 593 619
1283 916
1284 30 52 917 918
1285 400
1286 249 864
1287 23 165
1288 6 919
1289 6
1290 6 155 321
1291 6 21 30
1292 144
1293 6 529
1294 920
1295 25 177 328 455
1296 881
1297 30 52 759 916
1298 523
1299 874
1300 6 921
1301 25
1302 30 300
1303 812
1304 6
1305 619 922
1306 923
1307 271
1308 256
1309 30 74 338 488
1310 0 924
1311 6
1312 42
1313 21 127 165
1314 149 308 409 889 925
1315 751 753
1316 926
1317 6
1318 80 652 761 775 927 929 930 931 932
1319 21 25 926
1320 6
1321 23 25 372
1322 6
1323 6 244 325
1324 308 529 858
1325 16 933
1326 165 323
1327 934
1328 458
1329 21 165 935
1330 21 30 165
1331 25 308 325
1332 17
1333 36 52 874
1334 21 23 25
1335 82 83 156 729
1336 6 25 372
1337 6 886
1338 6
1339 6
1340 16 619 937
1341 6
1342 21 156 819
1343 30 52
1344 21 155 352 707
1345 30
1346 6
1347 938
1348 751
1349 16 59 939
1350 164 165 940
1351 21
1352 52
1353 164 165 940
1354 812
1355 164 165 940
1356 801 941
1357 751
1358 942
1359 943
1360 6 52
1361 16 619 944
1362 598
1363 25 346
1364 17
1365 79 945
1366 6 136
1367 17 21 25 143 251 372 437 640 698
1368 6 946
1369 74 136 698
1370 144
1371 6 144 229
1372 156 947
1373 144
1374 948
1375 103
1376 294
1377 949
1378 84 400 950
1379 6 951
1380 21 156
1381 6 952
1382 161 437 837
1383 21
1384 684
1385 25
1386 343 400 859
1387 23 30 556
1388 21 123
1389 59 753
1390 84 156
1391 161
1392 953 954
1393 6 25 30
1394 21 437
1395 6
1396 400
1397 82 123 156 277 372 745 752 955
1398 161
1399 956
1400 290
1401 957
1402 6 25
1403 84 123 600 958
1404 25
1405 165
1406 16 42
1407 16 42
1408 30 172
1409 156
1410 17
1411 959 960 961
1412 622
1413 25
1414 753
1415 165
1416 23
1417 21 23 25 30
1418 751
1419 161 962
1420 6 409
1421 268
1422 918 963
1423 716
1424 965 966 967
1425 8 63
1426 127 869 968
1427 83 400
1428 123
1429 969 970
1430 567
1431 971
1432 25
1433 30
1434 36
1435 6 324 421 648 972
1436 25 79 687
1437 15 42
1438 21
1439 6 52
1440 30 156 729
1441 773
1442 6
1443 144
1444 21 84 156
1445 6
1446 144
1447 400
1448 400
1449 144
1450 973
1451 926
1452 52
1453 974
1454 52
1455 21 25 825
1456 25
1457 161 227 698 975
1458 39
1459 869
1460 508
1461 22 360 490 491 695
1462 976
1463 959 960
1464 6
1465 6 338 975 977
1466 978 979
1467 6
1468 6 52 229
1469 6 409
1470 21 23 31 220 244 338 706 816
1471 287 757
1472 6
1473 16
1474 25 30
1475 25
1476 83 400 752
1477 21 567
1478 25 30 619
1479 6 980 981
1480 25 639
1481 21 308
1482 6 25 143
1483 982
1484 983
1485 117
1486 6 144
1487 16 25 619
1488 9 465
1489 6 21 25
1490 25
1491 25 52
1492 481
1493 984
1494 30
1495 284
1496 36 143 698 985
1497 6 986
1498 25
1499 286 695
1500 987
1501 6 325 406
1502 21 30 372 983 988
1503 8 21 819
1504 17 25 52
1505 987
1506 151
1507 120
1508 6 21 23 136 325 528 630 989
1509 6 249 599
1510 990
1511 6 136 149 229 529 599 623 991
1512 17 25 290
1513 438
1514 17
1515 165 230 992
1516 0 136 473 826 993
1517 6 599
1518 21 30 372
1519 16 789 891 994
1520 6 144
1521 6 995
1522 6 52 308
1523 8 63 481
1524 25 30 52 156 165 431 451 826 996 997 998 999 1000 1001 1002
1525 30
1526 1003
1527 982
1528 982
1529 1004
1530 6 30 448
1531 22 291
1532 6
1533 819
1534 6
1535 364
1536 21 84 310
1537 907
1538 6 635
1539 16
1540 156 310 1005
1541 21 25 60 421
1542 6
1543 6
1544 25
1545 25 30
1546 30
1547 30
1548 23 25 103 156 578 907 995 1006 1007
1549 957
1550 1008
1551 308
1552 780 781 782
1553 21 156
1554 945 1009 1010
1555 16 619
1556 16 619
1557 16
1558 74 143 236 257 355 1011
1559 16 343
1560 16 687
1561 21 23 25 523
1562 1013
1563 21 156
1564 30 36
1565 16 619
1566 16 363
1567 752 1014 1015 1016
1568 508
1569 17 21 23
1570 16 619
1571 30 286
1572 21 156
1573 8 21 22 226 1017
1574 21 22 161 460
1575 22 25 1018
1576 6
1577 982
1578 6 908
1579 6 30 284
1580 421 688 1020
1581 454
1582 25 638
1583 695
1584 6 25
1585 6 21
1586 763
1587 64 819
1588 6 25 598 917
1589 6
1590 222 286 335 1021
1591 6
1592 6
1593 25 30
1594 30 52 885
1595 6
1596 454
1597 30 52 885
1598 25 30
1599 249
1600 6 103
1601 6
1602 6
1603 0 25 52
1604 465
1605 819 1024
1606 25
1607 25 283 328
1608 6 151
1609 16 619 687
1610 819
1611 1026
1612 30 36 534
1613 6 52 144 151 473 737 859 1027
1614 25 30 1028
1615 31 147 364 759
1616 1009 1010 1029
1617 6 21 22 25 30 36 165 907 1030
1618 23
1619 16 619
1620 6 17 23 25 30 52 80 229 244 1031
1621 17 68
1622 16 308
1623 16 25 30 687
1624 454
1625 16 25 619
1626 6
1627 16
1628 22 30 64
1629 16
1630 6 25 602
1631 6 23 123
1632 6
1633 51 363 816
1634 0 52
1635 16
1636 22 271 286 360 694 1032 1033 1034 1035 1036
1637 6
1638 310
1639 16 619
1640 694
1641 16 619 687
1642 16
1643 621
1644 21 127 1037
1645 16 619
1646 286 695 975
1647 16 619
1648 25 30 52
1649 62 127 164 834 1038
1650 16 364
1651 0 16 553
1652 16 30 619
1653 25 1039
1654 25 82 84 372 698
1655 454 1040
1656 298 1041
1657 6
1658 188 308
1659 6
1660 0 6
1661 16 619
1662 593 1042 1043
1663 6 23 30 60 451
1664 16
1665 308 759
1666 21 82 161
1667 6 151
1668 907 908
1669 6 1044
1670 908
1671 16 30 619
1672 52
1673 25 30 220 236 437
1674 6
1675 1045
1676 1046
1677 6 79 80 149
1678 945
1679 16 619
1680 1045
1681 17 21 23 460 829 896 897 899 900 1047
1682 16 619
1683 6 30
1684 21 23 25 52 156 437 460 465 523 792 796 798 802 1031 1048 1049
1685 149 421 809 876
1686 16
1687 16 585
1688 16
1689 16 30 308
1690 6 23 229
1691 22 1050
1692 1051
1693 63
1694 6 30 1052
1695 52
1696 22 343 698 830
1697 52
1698 6 25
1699 51 1053
1700 1054
1701 16
1702 30 308 372
1703 16 25 619
1704 248 507
1705 25 30 372 506 507 1055
1706 971
1707 25 308 1056
1708 172 621
1709 25 57 1057
1710 1058
1711 936
1712 39 308 751
1713 17 493
1714 310
1715 751
1716 25
1717 25 30 619
1718 439
1719 25 30
1720 6
1721 16 110
1722 16 619
1723 8 1059
1724 22 30 45 64 74 156 248 350 545 568 756 867 1060 1061
1725 16 619
1726 1043
1727 51 759
1728 16 363 619
1729 16 25 619
1730 6
1731 16 619
1732 6
1733 16
1734 16 619
1735 298 1041
1736 16 619
1737 945
1738 16 619
1739 16 363 619
1740 945
1741 16
1742 16
1743 249 864
1744 94 1062
1745 16
1746 16
1747 16
1748 21 25 30
1749 16 308
1750 30
1751 598
1752 16
1753 16
1754 16
1755 16 619 687
1756 16
1757 16
1758 16 308 619
1759 16
1760 16 619
1761 16
1762 16 25 30
1763 16 619
1764 16 619
1765 16 619
1766 16 619
1767 16 619
1768 796
1769 16 308
1770 16 308 619
1771 6 143
1772 6 25
1773 25 30
1774 0
1775 16 30 619
1776 16 619
1777 16 619
1778 952
1779 16 619
1780 16
1781 136 511 599
1782 6 358 999
1783 1063
1784 16
1785 1064
1786 1065
1787 16
1788 22 286
1789 6
1790 25 60 1066
1791 21
1792 16 25 30
1793 16 619
1794 811 945
1795 6 39 534
1796 6
1797 16 30 308
1798 156
1799 16 687
1800 16 30
1801 16
1802 16 30 619
1803 22 80 172 286 291 292 293 294 361 664 667 761 865 985 1067 1068 1069 1070 1071 1072
1804 25
1805 40 117 156
1806 21
1807 22
1808 0 149 993
1809 25 1073
1810 21 30
1811 21 23 25 52
1812 437
1813 428
1814 837
1815 6
1816 103 534 572 672 822 1074 1075
1817 6 151 599
1818 16 619
1819 6 372 431 486 913
1820 16 619
1821 284 364 1076
1822 16 79 110 343 395 619 651 766 1077
1823 16 30
1824 16 619
1825 16
1826 16
1827 6 30 372
1828 16
1829 16
1830 6 16 308
1831 16 308 619
1832 16 308
1833 17 21 23 25 36 52 759 885 1078 1079
1834 16
1835 16
1836 6 52
1837 16 363
1838 16 619
1839 39 155 481
1840 16
1841 23 30 165 236 248 705 1079
1842 16
1843 6 151
1844 25
1845 6
1846 6 39 143
1847 25 30
1848 16 619
1849 6
1850 1080 1081
1851 6 308 490
1852 6 17
1853 481 1082
1854 531
1855 6 1083
1856 39 751
1857 6 17 25
1858 6 1083
1859 1084
1860 16 30
1861 6 30
1862 36 103
1863 16 619
1864 16 619
1865 16 619
1866 30 249 789
1867 1085
1868 1086
1869 338 874 1087
1870 1088
1871 52
1872 25 60 343 602
1873 84
1874 576
1875 25
1876 84 156
1877 576
1878 94 673 1089
1879 6
1880 25
1881 6 73 1090
1882 25 154 1091
1883 6 876
1884 277 952
1885 6 30
1886 454
1887 82 83 84 155 156 481 745
1888 16 25 30
1889 454
1890 25
1891 51 249 1092
1892 16 619
1893 337
1894 16 619
1895 16 619
1896 6 94 869
1897 25
1898 6 25
1899 30
1900 292 621
1901 21 22 25 30 79 249 789 1093
1902 16
1903 1095
1904 6 1096
1905 94 672 673 1097
1906 16 25
1907 23
1908 30 191
1909 16 94
1910 39 190 688
1911 21 64
1912 25 763
1913 1098
1914 6 30 531
1915 6
1916 1099 1100
1917 161 687 995
1918 1101
1919 6 638
1920 1102
1921 6 30
1922 6 25 602
1923 16
1924 16 25 79 619 1103
1925 16 619
1926 25 1104
1927 52 57 1105
1928 1106
1929 154 481
1930 6 63 151 328 329 534 583 748 1107
1931 25 1108
1932 10
1933 16
1934 16 308 619
1935 16 136 619
1936 30 987
1937 25 1059
1938 16 619
1939 0 907 908
1940 352
1941 16
1942 30 99 751
1943 6 409 599 602
1944 6
1945 6 151 409
1946 6
1947 25 294 506
1948 1109
1949 286 694 1036
1950 21 73 74
1951 16
1952 6 52
1953 6 25 30
1954 6 25 103
1955 30 1110
1956 1111
1957 1110
1958 16 308 619
1959 388 450 1112
1960 16
1961 619 1108
1962 0 16 17 21 23 25 31 36 40 51 52 60 161 178 188 286 338 366 367 368 437 460 609 619 748 801 1049 1061 1113 1114 1115 1116 1117 1118 1119 1120
1963 39 372
1964 154 155 238 1121 1122 1123
1965 945
1966 294 1124
1967 165 271 694
1968 815 1125
1969 945
1970 25 952
1971 25 30
1972 22
1973 25
1974 1126
1975 84 156
1976 80 952
1977 23 952
1978 1127
1979 6 39 599
1980 10 16
1981 684 1053
1982 6 421 598
1983 701
1984 49
1985 25 127
1986 156
1987 697
1988 36 52 156 372 638 640 706 759 1079
1989 16 1098
1990 1128
1991 308
1992 30 36 143 1129 1130
1993 25
1994 6 136 149
1995 12
1996 361
1997 506
1998 16 30 619
1999 481
2000 84 156
2001 907 1131 1132
2002 21 156 1133
2003 25
2004 25
2005 490 491 694
2006 6 73 1135
2007 0 6 21 22 23 30 123 127 156 165 246 286 294 421 695 972 1136 1137
2008 6 25 1138
2009 6 74 136 151 236 244 248 325 409 599 876 1139
2010 25 1108
2011 52 1140
2012 21 60 825
2013 6
2014 16 619
2015 16 619
2016 6 21
2017 6 30 136
2018 149 987
2019 1141
2020 6 122
2021 52
2022 236
2023 21 25
2024 25
2025 22
2026 6
2027 16 364
2028 308 367
2029 52
2030 16 23
2031 481
2032 30 165 236 248
2033 25 1091
2034 6 25 30
2035 1142 1143
2036 908
2037 23 24 220 461 1144 1145
2038 6 52 308
2039 6 21 460
2040 6
2041 30 84
2042 6 22
2043 30 992
2044 6 136 623
2045 165 323
2046 0 6 388 1112
2047 123 421
2048 39 372
2049 6 30 74
2050 84 156
2051 6
2052 127 136 229
2053 16
2054 363
2055 16
2056 16 703 863
2057 6 52 151
2058 6
2059 6 30 770
2060 284 490 491
2061 127 1143
2062 16
2063 1143 1146
2064 21 23 244 249 896 898
2065 22 74 246 248 350 869
2066 17 23 25 52 156 161 248 437 465 748 1061
2067 25 39
2068 6 127 1148
2069 6 1143
2070 908
2071 6 39 248 372 698
2072 123 1143
2073 64 156 707
2074 6 746 1149
2075 6
2076 161 1150
2077 17 25 30 52 460 859
2078 17
2079 1088
2080 16 1151 1152
2081 6
2082 16 1026
2083 25
2084 21 25 831 833 1153 1154
2085 165 323 936
2086 6 25 30
2087 73
2088 6 25
2089 30
2090 21 156 169 1155
2091 123
2092 178 621
2093 481 1082
2094 103 257 323 388 450
2095 21 25 30 63 226 481 884
2096 1156
2097 25
2098 17 25 789
2099 859
2100 372 448
2101 21 84
2102 6
2103 16 1026
2104 533 1157
2105 454
2106 481
2107 21 22 30 284 1158
2108 22 308
2109 945
2110 465
2111 39 388
2112 6 136 1159
2113 286 1160
2114 753
2115 6 1161
2116 22
2117 753
2118 6 127 1162
2119 6 25
2120 1163
2121 6
2122 439
2123 22 1164
2124 6 21 74 248 826
2125 16 619
2126 1051
2127 16
2128 16 619
2129 16 178 619
2130 36
2131 36 96 103 1075
2132 165 748 1028 1165 1166
2133 0 6 431 907 1167
2134 6 311 1169
2135 6
2136 25 1170
2137 22 308 688
2138 0 21 23 25 30 238 648 789
2139 6 25
2140 481
2141 30 31 36 706 759
2142 619
2143 1005 1171
2144 421
2145 6 372 648 698
2146 1172
2147 1173
2148 1173
2149 25 30 36 74 246 248 308 310 350 437 698 1005 1055 1079 1175 1176
2150 1177 1178 1179 1181 1182
2151 759
2152 16
2153 25 30 127
2154 16 30 619
2155 22 30
2156 16 619
2157 6 23
2158 16 619
2159 363
2160 16 308 619
2161 862
2162 16
2163 862
2164 161
2165 0 6 74
2166 1183
2167 16
2168 23 30 294
2169 6
2170 6 25
2171 155 481 487
2172 602 1184
2173 481
2174 127 248 372 698
2175 6
2176 17 21 25 30 52 63 437 884 1031 1185
2177 439
2178 6 17
2179 8 63
2180 291 364
2181 6 73
2182 25
2183 6 25
2184 16 619
2185 6
2186 21
2187 16 619
2188 16 619
2189 16 619
2190 52
2191 17 1031 1187 1188
2192 23 372
2193 21 156
2194 23 24 25 30 165 223 465 506 738 829 1000 1125 1136 1142 1166 1189 1190 1191 1192
2195 308 798
2196 16 25 619
2197 22 152 156 277 955
2198 23 74 165 284
2199 1170
2200 12
2201 82
2202 6 17
2203 16 25 30
2204 25 30 619
2205 127
2206 16 619
2207 6 25
2208 481
2209 6 52
2210 165 602
2211 126
2212 308
2213 271
2214 246
2215 25 819
2216 16 619
2217 439
2218 16 619
2219 6 698 1194
2220 1195
2221 68 165 641 688
2222 1196
2223 6 39 136 248 558 698 756 869
2224 30
2225 602 1197
2226 30 372 698 837 1198
2227 21 156 1199
2228 533 1157 1200
2229 1158
2230 23 346
2231 1171 1201
2232 298 602
2233 6 25
2234 1135
2235 481
2236 127
2237 25
2238 16
2239 16 619
2240 16 619
2241 16 25 30
2242 6 151 1202
2243 819
2244 6 21 22 25 156 1204
2245 1205
2246 885
2247 63
2248 25 39 80 286
2249 123
2250 16
2251 6 308
2252 52
2253 16 308 619
2254 17 1186 1187 1188
2255 16 619
2256 6
2257 16 30 619
2258 25
2259 21
2260 21 30 1206
2261 21 30 576 878 968
2262 156
2263 25
2264 874
2265 25 30 82 156
2266 21
2267 16 619
2268 21 372
2269 25 30 52
2270 874
2271 6 25
2272 30 1207
2273 6 25 52 229 325 431 885 1208
2274 6
2275 21 22 25
2276 6 25
2277 6
2278 6 1086
2279 1209
2280 123 809 876
2281 6 52
2282 1211
2283 246 1212
2284 6
2285 6 757
2286 25 123 164
2287 25 874
2288 1098
2289 0 6 17 21 22 23 30 36 52 63 64 156 161 165 223 271 286 323 328 460 523 702 745 826 1148 1213 1214 1215 1216
2290 6
2291 6
2292 271
2293 1165 1217
2294 21 23 154 215 481
2295 24 25 372
2296 1218
2297 22
2298 169
2299 16
2300 1219
2301 1220 1221
2302 1211
2303 6
2304 21 156 161
2305 16 619
2306 1006 1106
2307 6 325
2308 481
2309 1106
2310 6 21
2311 363 541
2312 324
2313 1036
2314 6 511
2315 21 60 825
2316 6 21 40 123 136 372 481 698
2317 6
2318 25 829 1153
2319 6
2320 16 619
2321 294 490
2322 25 188 1222
2323 809
2324 6 21 74 136 149 591 619 811 826
2325 809
2326 1219
2327 6 1148
2328 6
2329 6 136 481
2330 355 1223 1224
2331 6 117 136 372
2332 454
2333 30 248 990
2334 809
2335 6 236 248
2336 6 123
2337 21
2338 17
2339 6 23 30 123 229
2340 16 687 1225
2341 30 481
2342 6
2343 6
2344 6
2345 907
2346 325 1143
2347 0 6 25 30
2348 21 74 1226
2349 23 30 60
2350 84 156
2351 706 1227
2352 25 284
2353 16 619
2354 16 619
2355 6 136
2356 481
2357 16 619
2358 6
2359 64
2360 6
2361 16 52 1228
2362 6 291
2363 25 249 283 895
2364 36
2365 25 1042 1229
2366 6
2367 30 1230
2368 16 310 1005
2369 388 1231
2370 1098
2371 294
2372 363
2373 294
2374 1232
2375 16 619
2376 808 1143 1153 1233 1235 1236 1237 1238 1239 1240
2377 21
2378 6
2379 16
2380 16
2381 25 987
2382 22
2383 16 619
2384 248
2385 21
2386 363
2387 21 30 377 460
2388 291 1231
2389 23 127 165
2390 25 687 829 1151 1153 1241
2391 6
2392 0 6 21 23 25 123 885 1148
2393 6
2394 481
2395 874
2396 84
2397 16 619
2398 729 895 1242 1243
2399 1244
2400 16 308
2401 21 156 308
2402 21 156 1245
2403 619
2404 363
2405 493
2406 6 1246
2407 25 123 165
2408 16 25 619
2409 25 294
2410 874
2411 16 520 619
2412 6
2413 363
2414 36
2415 25 809
2416 481
2417 24 74 169 220 248 372
2418 6 39
2419 22
2420 6 52
2421 25
2422 30
2423 30
2424 6
2425 6 25 30
2426 6
2427 1196
2428 286 421
2429 6 1143
2430 103 127 534
2431 117
2432 294
2433 6 1148
2434 16
2435 271
2436 6
2437 1246
2438 284 286 294 1098
2439 0 21 23 25 52 735 885 1148
2440 6 25
2441 271
2442 16 619
2443 0 23 25 52 123 325 885 1148
2444 16 619
2445 36 223 1165
2446 16
2447 16
2448 16 619
2449 25
2450 25 1091
2451 6 21 23
2452 94 874 1247
2453 6
2454 363
2455 6 431
2456 21 25 123 323
2457 21 64 518
2458 16 619
2459 64
2460 16 619
2461 308 809
2462 6 1248
2463 236 271 286
2464 6 21
2465 997
2466 6 665
2467 6
2468 21 60 82 154 165 1249 1250
2469 6
2470 6 25 30 286 323 481 854
2471 308 1244 1251
2472 6
2473 1252
2474 1246
2475 6
2476 165
2477 16 619
2478 21
2479 25 30 60 249 1105 1253
2480 21 25 82 518
2481 809 872 876
2482 6 103 1148
2483 16 25 30
2484 21 460 862
2485 36 364
2486 308 619
2487 6
2488 16 789
2489 52 876
2490 94 874
2491 79 248 565
2492 874
2493 363
2494 1254
2495 809 1255
2496 809
2497 6
2498 30
2499 16
2500 16 364
2501 1252
2502 6 22 236 248 360 858
2503 16
2504 1056
2505 1059 1193
2506 1101
2507 6
2508 25 30 36 223
2509 867
2510 969
2511 6 772
2512 1252
2513 1256 1257
2514 6 25 30
2515 1258
2516 363
2517 16 619
2518 16 619
2519 6 25 52
2520 6 449 1259
2521 6 25 30
2522 6 985
2523 25
2524 39 75 127 1165 1260 1261
2525 16 343 619
2526 294
2527 73 388 1247
2528 21 248
2529 363 1262
2530 6 169
2531 16 619
2532 6
2533 73
2534 809
2535 6
2536 52
2537 809
2538 6 449
2539 6
2540 22
2541 874
2542 30
2543 6 21 74
2544 1056
2545 6 874
2546 21 23 30 286 829
2547 6 30
2548 6
2549 1244 1263
2550 6
2551 6
2552 0 21 23 25 30 448 869 1006 1078
2553 30 39 60
2554 284 286
2555 6
2556 25 165 328
2557 25 506 1129
2558 25 30 789
2559 22 80 248
2560 36 52
2561 1165
2562 169 325 449
2563 25
2564 308 363
2565 6
2566 246
2567 1264
2568 1265
2569 84 277 955
2570 16 31 308
2571 25 325
2572 25 421
2573 16 619
2574 1266
2575 6 23 25 30 829 1078 1079 1267
2576 286 364 666
2577 6
2578 172 364
2579 16 619
2580 6
2581 6
2582 6 1086
2583 809 993
2584 16 619
2585 363
2586 809
2587 1228
2588 25
2589 6 25 338
2590 363
2591 6 346 431
2592 25
2593 16
2594 16 619
2595 25 30 169
2596 286
2597 22 490 491
2598 6
2599 16
2600 16 619
2601 23 68
2602 21
2603 30 907
2604 6
2605 16
2606 6 25
2607 16 1222
2608 6 449 1259
2609 6 25 30 52
2610 6
2611 6 30 249 789 1138
2612 22 25 346
2613 16 619
2614 30
2615 23
2616 16
2617 271
2618 25 63
2619 6
2620 94 364
2621 25
2622 25 249
2623 25 1268
2624 151 324 599
2625 6
2626 16 619
2627 6 94 591 723
2628 1257 1269
2629 52
2630 25 154
2631 0 598
2632 68
2633 1270
2634 25 39 308
2635 363
2636 52
2637 6 40 346
2638 94 164 1271 1272
2639 260 1268
2640 294 1273
2641 363
2642 25 39 165 481
2643 21 23 25 30 156 748 1274 1275
2644 363 1276
2645 6 52 1277
2646 997 1278
2647 6 25 437
2648 694
2649 6 346 772
2650 6 30
2651 6 229 350 591
2652 21 151 395 730
2653 6
2654 6 21
2655 25
2656 25
2657 25
2658 6 25
2659 6
2660 6 21 22 23 30 151 156 177 248 249 598 789 1138
2661 84 156
2662 21 156 1279
2663 1280
2664 6
2665 22
2666 21
2667 872 1281
2668 156
2669 363
2670 16 619
2671 25 1282
2672 25 748 1153 1283
2673 284 286 294
2674 1079
2675 1270
2676 103 246 701
2677 1270
2678 6 449 1259
2679 6 21 23
2680 1284
2681 454
2682 6 449 1259
2683 6 451
2684 6
2685 0 25 30 913
2686 21 25 63 308 323 701 1283
2687 6 23 74 151 229
2688 6 21 23 25 52 591
2689 21 22 30
2690 21 23 25 30 36 52 328 829 898 1078 1153 1267 1285 1286
2691 6
2692 363
2693 25 308
2694 10 363
2695 363
2696 215 490 687 1287
2697 451
2698 6
2699 22 25 323
2700 21 22 156 286
2701 6
2702 123 421
2703 64 84 156
2704 191
2705 16 25
2706 1289
2707 6 21 22 23 25 74 248 481
2708 6 21
2709 246 338
2710 490 744
2711 884
2712 6 520 648
2713 1135
2714 25 30 60 748
2715 6 25
2716 6
2717 25
2718 6
2719 6 248 529
2720 6 30
2721 6 25 52
2722 6
2723 6 144 449
2724 6 1273
2725 6 308 602
2726 6 123 993
2727 363
2728 6
2729 6
2730 6
2731 598
2732 6 664
2733 22
2734 6 30
2735 6 1290
2736 52 1291
2737 94
2738 25
2739 16 25
2740 6
2741 6 151 346 599 731 1292
2742 6
2743 6 25 52 885 1146 1277 1293
2744 25 30 80
2745 25 308 421
2746 6 25 249
2747 25
2748 6 169 249 789 895 959 1273
2749 913 1293 1294
2750 16 439 1295
2751 16 619
2752 6 191
2753 25 60 1091
2754 21 23 25 421 460 829 924 969 1153 1241
2755 79 397
2756 308
2757 6 52 885
2758 21 153
2759 6 165 409 449
2760 6
2761 6
2762 6 325
2763 22 360
2764 6 25 60 156 545
2765 0 6 21 23 117 123 127 164 531 913 1148 1296
2766 80 294 1273
2767 166 1028 1165
2768 22
2769 6
2770 16 308 619
2771 6 21 431
2772 16 1297 1298
2773 25
2774 6 25 39 49 117 151 229 246 325 421 591 599 602 623 735 756 1079 1148 1293
2775 25 263 308
2776 6
2777 6 602
2778 16
2779 6 60 827 1226 1293
2780 1202
2781 325 735
2782 21 156
2783 1280
2784 6
2785 16
2786 30 363
2787 6 297
2788 6
2789 1299
2790 6 25
2791 323 816
2792 16
2793 16
2794 25 127 1300
2795 16
2796 308 1300 1301
2797 6
2798 364 397
2799 271
2800 22 286
2801 21 308
2802 25 388 1302
2803 6
2804 6 1086
2805 103
2806 25
2807 363
2808 16 25
2809 6 735
2810 6 21
2811 21 25
2812 325 591 602
2813 25 30
2814 363
2815 6
2816 25
2817 6 364 520
2818 25 397 1256
2819 16
2820 16 25
2821 16
2822 29 30 328 523
2823 22
2824 6 1303
2825 6 23 74 123 127 229 346 350 352
2826 30 248 808 830
2827 6 151
2828 1299
2829 39 83 156
2830 22 286 364
2831 16 619
2832 6
2833 363
2834 6
2835 23 94
2836 6 74
2837 292 1304
2838 16
2839 21 25 30 82 395 545 600 701 1283
2840 249 789
2841 363 816
2842 16 31 188
2843 16 25 30
2844 1305
2845 16
2846 21 60 156
2847 6 30 74 151 869 1306
2848 6
2849 308 916
2850 6
2851 363 1307
2852 52 619
2853 25
2854 22
2855 619
2856 22
2857 363 1308
2858 64 84 156
2859 363
2860 23 30 244 898
2861 6 486 1226
2862 308 1079
2863 23 30 244 308
2864 39 126 1133
2865 16
2866 6 25
2867 523
2868 16
2869 21 123 286
2870 16
2871 6 21
2872 6 25 1232
2873 6 52
2874 16 308
2875 16 619
2876 6 1086
2877 16 619
2878 1309
2879 16
2880 248
2881 23
2882 16
2883 23 246
2884 363 1310
2885 363
2886 363 1269
2887 363
2888 22
2889 363
2890 52
2891 6 21 73
2892 16
2893 421 639
2894 16 25
2895 6 25 30 591
2896 906
2897 363 1311
2898 16 25
2899 363 1312
2900 1313
2901 39 165 481
2902 25
2903 126
2904 21 82 156 308
2905 748
2906 30
2907 1133
2908 248 363
2909 1314
2910 6 25 1105
2911 94
2912 6 83 117 156
2913 21 23
2914 6 529
2915 39 789 1184
2916 6
2917 6 735
2918 363
2919 6
2920 16
2921 286 490
2922 6 22 155 308 731
2923 16
2924 30 308
2925 363
2926 22 869
2927 619
2928 619
2929 25
2930 6
2931 0 6 39
2932 36 363
2933 16
2934 25
2935 16
2936 363
2937 23
2938 6 598
2939 363
2940 6 117 1315
2941 6 1316
2942 165 323
2943 23 244
2944 6 39
2945 6 325
2946 6
2947 16 30
2948 25 829
2949 6 21 23 151 248 325
2950 6 325 598
2951 84 745
2952 22 165 789
2953 6 364
2954 16
2955 21 23 127
2956 363 1317
2957 126
2958 16
2959 252
2960 94
2961 308 363
2962 25
2963 363
2964 94
2965 25
2966 23
2967 6 25
2968 6 25
2969 22 126 323
2970 906
2971 6 23 325
2972 22 271
2973 6 421 611 648 817 1165 1274 1318
2974 30 1319
2975 6 286
2976 442 1320
2977 338 363 1321
2978 25 493 1321
2979 363
2980 1133
2981 25 602 1322
2982 6 1323
2983 16
2984 6
2985 6 229 1324
2986 6 25
2987 21 164 328
2988 25
2989 156 308
2990 249
2991 6 388 1325
2992 21 22 325
2993 16
2994 21 23 25 30 156 164 165 177 248 328 338 460 1078 1116 1136 1189 1275 1285 1291 1326 1327 1328 1329
2995 25 1091
2996 6
2997 25
2998 6
2999 1270
3000 363
3001 6 25
3002 16 619
3003 82 156 346
3004 21 23 25 30 74 127 244 248 249 328 748 789 1078 1312
3005 188 308 1222
3006 16
3007 545
3008 16 25
3009 545
3010 6 30 103
3011 6
3012 16 30
3013 45 82 156
3014 6
3015 0 6 30
3016 1331
3017 6
3018 25 324 648
3019 65 323
3020 6
3021 25 363
3022 748
3023 25 829
3024 25 154
3025 21
3026 25
3027 1174
3028 816 1311
3029 748
3030 364 1282
3031 21 25 481
3032 25
3033 21
3034 165
3035 6
3036 310
3037 0 6 1332
3038 52
3039 80
3040 1184
3041 363
3042 6
3043 188 308 1184
3044 23 748 1333 1334
3045 25
3046 6
3047 16
3048 363 1136
3049 363
3050 23
3051 6 25
3052 291 363
3053 6 49 550
3054 619
3055 363 1335
3056 748
3057 1336
3058 6 127
3059 127 1287
3060 16 619
3061 25
3062 24 25 60
3063 25
3064 6 42
3065 49 252 598 1086
3066 25 493
3067 6
3068 22 23 323
3069 6 123 229
3070 25 829 1078
3071 1136
3072 6 598
3073 363 1337
3074 169
3075 6 325
3076 363
3077 6
3078 16 25
3079 363
3080 363 364
3081 30
3082 21 702 1338 1339
3083 6 25 308
3084 6 151 308
3085 25 30 1078
3086 188 706
3087 25 127
3088 39
3089 6 1340
3090 25 1091
3091 16
3092 1341
3093 21
3094 872 1342 1343
3095 21 30 127 156 811 867
3096 6
3097 6 25
3098 421
3099 30
3100 127 748
3101 25 829
3102 230 421
3103 6
3104 6 578 993
3105 6
3106 16
3107 481 598
3108 6 308
3109 6
3110 6
3111 6
3112 6
3113 23 117 1344
3114 6 60 421
3115 6
3116 1345
3117 6
3118 598 1086
3119 364 1346
3120 23 25
3121 126
3122 25 30 60
3123 6 25
3124 6
3125 21 22 30 45 1347
3126 25 60 1348
3127 6 23 25 30 229 308 1293
3128 21 308 872
3129 21
3130 25 1129
3131 493
3132 826
3133 6 117 123 578
3134 6 21 30
3135 25
3136 22 23 323
3137 1305
3138 22 23 323
3139 22 30
3140 286
3141 1349
3142 25
3143 25
3144 6 23 80 789
3145 22
3146 486
3147 21 22 25 286
3148 6 730 1184
3149 6 163 1293
3150 6 94 325
3151 545
3152 545
3153 21 156 308
3154 16 619
3155 246
3156 872 1091
3157 25
3158 31 338
3159 6
3160 6
3161 6 23 481
3162 165 308
3163 1341
3164 1028 1260
3165 286
3166 6 36 117 155 169 248 308 811 1222
3167 6 23 25 30 49 117 123 156 431 578 730 830 1341 1351
3168 6 164 169
3169 1341
3170 1352
3171 80 1151
3172 22 286 490
3173 6 39
3174 6 151 165
3175 1353
3176 25
3177 6 161
3178 6
3179 6 297
3180 21 45
3181 248
3182 6 30
3183 6 25
3184 30 36 1078 1285 1354 1355
3185 6
3186 6 23
3187 31
3188 6 127
3189 6 127 165 286 350 1260
3190 25 421 829 1129
3191 25
3192 25
3193 6
3194 21 277 748
3195 23 25 36 52 80 156 161 328 706 1078 1267 1283 1321 1328 1356
3196 25
3197 6 23
3198 25 73 169 248 286
3199 6
3200 6
3201 363
3202 6 21 156 545
3203 21
3204 421
3205 6 355
3206 6
3207 25 1357
3208 6
3209 23 25 327 1358
3210 25 364
3211 598
3212 25
3213 1079
3214 811
3215 25
3216 920
3217 177 437 829
3218 481 1359
3219 6
3220 1184
3221 6 25 323
3222 156 545
3223 1105 1160
3224 6
3225 6 30 449
3226 6
3227 23
3228 1360
3229 25 829 1129 1283
3230 6 25
3231 6 117 308 591 1315
3232 1305
3233 25 286 1160
3234 23 1361
3235 6 25
3236 152 308
3237 6 311
3238 6 1148
3239 6 1362
3240 22 23 25 164 165 323 328 701 748
3241 25
3242 0 6 431 578 918 936 993 1364
3243 6
3244 1365
3245 93
3246 6 117 735
3247 21
3248 6 103
3249 6 598 1086
3250 23 829 1366
3251 1367
3252 16 30
3253 6 63 165
3254 927
3255 16 25
3256 872 974
3257 6 23 151 248 325
3258 6
3259 6
3260 6 25 591 1287
3261 117 252
3262 25 117 229
3263 6
3264 6 1368
3265 22 490 694
3266 25
3267 6 21 701
3268 25
3269 974
3270 1270
3271 252
3272 123 249 323 602 789
3273 297
3274 935
3275 1346
3276 1370
3277 6 36
3278 21 22 545
3279 6 169 993 1139
3280 6 21 23 25 39 127 151 244 327 460 1283 1371
3281 156 481
3282 21 64 156 395
3283 25 372 506
3284 36 39
3285 1372
3286 6
3287 25 969 1288
3288 22 63 74 127 1289
3289 23 1373
3290 22 169 291 364 664 761 985
3291 25 1358
3292 6
3293 1374
3294 6 169 286
3295 6
3296 16
3297 22 286
3298 21 127 165 352
3299 6 1184
3300 6 23 25 74 117 156 249 1275
3301 22
3302 21 165 545
3303 6
3304 45 152 156
3305 23 25
3306 253 254 1375 1376 1377
3307 694
3308 25 30 36
3309 25
3310 49 153
3311 6 252 1378
3312 487
3313 23 25
3314 25 602 1287
3315 598 1086
3316 598 1086
3317 598 1086
3318 598 1086
3319 6 144
3320 25 829 1379
3321 25 338 1380
3322 6 151
3323 748
3324 6
3325 0
3326 6 244 872
3327 25
3328 1381
3329 6 23 25
3330 6
3331 1382
3332 6
3333 6 60
3334 598 1086
3335 598 1086
3336 6 25 39
3337 992
3338 248
3339 22
3340 1101
3341 6 21 23 229
3342 23 25 308
3343 21
3344 449
3345 1347
3346 21 60 156
3347 21 23 25 63 328
3348 103 789
3349 123
3350 6
3351 153 600 1383
3352 25 249
3353 21 25 1384
3354 6
3355 152 602
3356 127 598
3357 25 1385
3358 6
3359 421
3360 25
3361 6
3362 25 74 127 164 236 328 1386
3363 22 215 490 491 509 1387
3364 872 1388
3365 748
3366 6 591
3367 1388
3368 6
3369 6 117
3370 1389
3371 25 30
3372 21 22 25 156 164 248 701
3373 6
3374 6 39 73
3375 286
3376 25 246
3377 25
3378 23 324
3379 248
3380 6
3381 30 80 1390 1391 1392
3382 1393
3383 6
3384 6 22 286
3385 598
3386 585
3387 151
3388 16 437
3389 352
3390 323 346 1394
3391 21 1395
3392 6
3393 286 490 491
3394 748
3395 408
3396 25 30 187 707
3397 22 260
3398 21 23 127 327 328 748
3399 6
3400 6 1362
3401 30 1396
3402 22 156
3403 80 1151 1330
3404 164 246
3405 6 25
3406 6
3407 324 648
3408 6
3409 286
3410 117 123
3411 6 325
3412 1397
3413 1398
3414 6 25 74 94 188 236 248 324 325 350 449 591 653 723 830 1165
3415 6 591 598
3416 271 490
3417 360 600
3418 6
3419 6
3420 545
3421 25 39
3422 23 329
3423 6
3424 6 308
3425 286
3426 22 63 286
3427 6 25
3428 1346 1399
3429 23
3430 6 25 165
3431 25 60
3432 1217
3433 6
3434 23 123
3435 30 1312
3436 23
3437 6
3438 74 246 602
3439 25
3440 22
3441 23 80 993
3442 6 25
3443 25 164 585
3444 30
3445 22 260
3446 1396
3447 6 22 156
3448 21
3449 25
3450 127
3451 94 578 1400
3452 25
3453 6 21 23
3454 6
3455 39 364 602 883
3456 338 1352
3457 286
3458 6
3459 421
3460 772
3461 6 21
3462 6 21 83 156
3463 169
3464 6 1279
3465 1376
3466 23
3467 271 694
3468 6
3469 25
3470 6 297
3471 22
3472 6 21 74
3473 154 481
3474 6 25
3475 63
3476 1370
3477 152
3478 6 25
3479 153
3480 6
3481 271 286
3482 1402
3483 23 161
3484 23 25 123 154
3485 25
3486 25 156 1174
3487 1403 1404
3488 1346 1405
3489 236
3490 25 1309
3491 22 872
3492 22 286
3493 84 156
3494 408
3495 123 156 308 567
3496 6 449 811
3497 408
3498 884
3499 6 408
3500 22 25
3501 308 323
3502 329
3503 323
3504 83 156 1406
3505 6 25
3506 6 23 25 1354
3507 23 25 1287
3508 6
3509 6
3510 25
3511 325 1324 1407
3512 6
3513 6 169
3514 23
3515 936
3516 1364 1379
3517 21 123 155 481 1078 1212
3518 6 117 249 1288
3519 25
3520 25 308 1409
3521 189
3522 1410
3523 6
3524 6 21
3525 25 49 487 735
3526 23 1361
3527 598
3528 31 811 816
3529 6
3530 323
3531 82 156
3532 23 25
3533 23 324
3534 6 490 1158
3535 6 25
3536 25
3537 22 23 30 534 1411
3538 6 23 598
3539 25
3540 189
3541 6
3542 936
3543 23 25 346
3544 25 1412
3545 325
3546 6
3547 6 246
3548 6 21 25 117 123 151 229 431 1148
3549 21
3550 6 706 883
3551 25 30 291 664 985
3552 25 156
3553 6 21 23
3554 23 25 30 156 328 748
3555 6 872
3556 1415
3557 25
3558 323 327
3559 935
3560 271
3561 10 364
3562 23 25 30
3563 6
3564 23 25 829
3565 23
3566 294
3567 6
3568 1416
3569 884
3570 6
3571 25 308 602
3572 6
3573 6 123 156 248 308 324 481
3574 1417
3575 325
3576 21 25
3577 25
3578 25 123
3579 6
3580 189 421
3581 6
3582 169
3583 6 249
3584 25 308 602
3585 127 323
3586 63
3587 153 253 254
3588 297 388
3589 598
3590 6 117 229 324 1148
3591 6 23
3592 6 21 82
3593 189
3594 21
3595 6 73 648 993
3596 325
3597 6
3598 6
3599 940
3600 25 872 1412
3601 6 23
3602 328
3603 323
3604 1352
3605 23 898 1078 1267 1392
3606 21
3607 21
3608 308 323
3609 39 169
3610 6 23 578
3611 523
3612 10
3613 25 127 246 1287
3614 25
3615 6 22 74 127 164 308 591 694 992 1278 1418
3616 6
3617 6 1419
3618 49 297 1420
3619 23 25
3620 6 21
3621 6 25
3622 323
3623 25 308
3624 25 1214
3625 25 605 1421
3626 25
3627 21
3628 16 308
3629 286
3630 1133
3631 916
3632 6
3633 156
3634 6
3635 21 156
3636 59 60 1407 1422 1423 1424 1425 1426 1427 1428 1430 1431
3637 6
3638 6 21 236 338
3639 913 1277 1385
3640 83
3641 23 748
3642 25 83
3643 323 328 437 748 1302
3644 0 6 959
3645 884
3646 294
3647 6 21 246
3648 25
3649 1302
3650 23 324
3651 76
3652 6 25
3653 1410
3654 156
3655 23 156 1432
3656 6
3657 6 254
3658 22 73 169 240 249 286 1034 1369
3659 6 21
3660 1433
3661 6
3662 73
3663 1433
3664 25
3665 22 169 744
3666 872
3667 21
3668 872
3669 6
3670 23 156 323
3671 39 1434
3672 364 1311
3673 21 23 598
3674 21
3675 22
3676 0 6 21 23 39 74 117 123 229 244 350 431 460 591 648 913 1293 1316 1435 1436
3677 23
3678 164 324
3679 6 25 117
3680 6
3681 1309
3682 22
3683 22 240 286
3684 6
3685 6
3686 6
3687 924 1335
3688 1385
3689 1437
3690 6 25
3691 21 246
3692 6
3693 323 1421 1438
3694 6
3695 6
3696 325
3697 23
3698 39 308 883
3699 25
3700 735
3701 23 25 1136 1166
3702 156
3703 286 872
3704 6
3705 21
3706 23 25 1056
3707 25
3708 6 706
3709 23 25 127
3710 308 1346
3711 123
3712 23
3713 23 244
3714 23 123 701
3715 6 229
3716 156 324
3717 6 23 25 31 703 1148
3718 6 25 1439
3719 25 30 1439
3720 294
3721 6
3722 6 25
3723 169
3724 169
3725 156
3726 6
3727 6
3728 23 249 1078
3729 6
3730 23
3731 6 297 324
3732 21
3733 6 431
3734 6 297 1294
3735 21 22 45
3736 6
3737 23 1417 1440
3738 6 25 1441
3739 156
3740 21 23 481
3741 21
3742 6 325
3743 21 23 127 164 253 327 431 1104 1166 1384
3744 490
3745 6 325
3746 1442
3747 21 545
3748 21 1078
3749 364
3750 6
3751 6 1362
3752 39 297
3753 1136
3754 1443
3755 6 21
3756 127 1444
3757 68
3758 1445
3759 6
3760 23
3761 6 1028
3762 6
3763 253
3764 6
3765 1446
3766 855
3767 23 1417 1440
3768 229 993 1316 1447
3769 6
3770 21
3771 25
3772 25
3773 21 22 23 156 249 789 1174 1356 1448 1449
3774 6
3775 23
3776 21
3777 25 1450
3778 156 1450
3779 364
3780 1451
3781 6 229 324
3782 297
3783 6 325
3784 6
3785 23
3786 21 156
3787 6
3788 6
3789 6
3790 74 246 325
3791 25
3792 161 308
3793 1445
3794 6 23
3795 493
3796 6 21
3797 23
3798 169
3799 23
3800 6 702
3801 30 1392 1452
3802 1446
3803 68
3804 648 738
3805 1446
3806 6 591
3807 6 325
3808 286
3809 49 280 487
3810 45 1347
3811 6
3812 21
3813 45 1347 1417
3814 25 308
3815 916 1026 1453
3816 898
3817 30
3818 324
3819 6
3820 6
3821 6
3822 22 39 286
3823 6
3824 388
3825 30 156 1076
3826 286 694 789
3827 6
3828 80
3829 6
3830 1452
3831 6
3832 297
3833 1136
3834 6
3835 702
3836 1455
3837 23 117 123
3838 6
3839 1456
3840 6 1078 1267 1308 1328 1355
3841 1457
3842 169 286 761 775
3843 324
3844 286
3845 21 22 545
3846 23 244 307 896 898 1458 1459 1460
3847 6 21 229
3848 23 25 1277
3849 23 545
3850 21 22 30 82 152 156 955 1461
3851 23
3852 80
3853 6 39 308
3854 21 421 992
3855 6
3856 21
3857 872 1462
3858 6
3859 6 21 286
3860 648 738
3861 297
3862 1463
3863 1457
3864 578
3865 872
3866 6
3867 6 30
3868 6
3869 6 449
3870 0 21 22 23 30 156 244 328 338 437 748 1136 1189
3871 6 597
3872 25
3873 6
3874 748
3875 21 23 25 30 36 156 286 748 1078 1464
3876 1445
3877 664
3878 21
3879 545
3880 25
3881 22
3882 1456
3883 707
3884 117
3885 21 325
3886 21
3887 6 169
3888 6
3889 6
3890 126
3891 6
3892 127 1421
3893 6
3894 126
3895 39 155 248 1465 1467
3896 164 328
3897 249 789
3898 6
3899 21 244 1417
3900 22 271 388 1468
3901 21
3902 1455
3903 6 22 23 25 30 123 164 327 460 748 917 992 1136 1213 1469 1470 1471
3904 286 297
3905 880
3906 21 51 244 363 514 718 816 1399 1472 1473 1474 1476
3907 598 1477
3908 39 63
3909 702 1287
3910 6 229 735
3911 6 169
3912 1478
3913 6
3914 6 21
3915 286
3916 6
3917 25 1479
3918 6 25
3919 117 702 1294
3920 6 127 328 748 1434
3921 297
3922 748
3923 21
3924 271
3925 6 22 286
3926 6
3927 6
3928 346 748
3929 6
3930 286
3931 6 223
3932 6
3933 23 748
3934 103
3935 21
3936 6
3937 872
3938 25
3939 872
3940 6
3941 23
3942 161
3943 6
3944 21 706 863
3945 1371 1469 1481
3946 6
3947 22
3948 23 127
3949 1482
3950 6 23 30
3951 21 45 707 1212
3952 872
3953 23 872 896
3954 6
3955 6
3956 6 117 591
3957 22
3958 872
3959 6
3960 25 80
3961 872
3962 291 665 985
3963 545 872
3964 6 21
3965 25
3966 21 421 702
3967 6
3968 6 25
3969 6
3970 591
3971 6
3972 21 25 164
3973 30
3974 21 156
3975 6
3976 6
3977 23
3978 6
3979 21
3980 1483
3981 1484
3982 1212
3983 6 155
3984 6
3985 23
3986 1485
3987 6 21 123
3988 872
3989 127 164
3990 161
3991 6
3992 6
3993 6
3994 144
3995 6 21 23 297 1486
3996 25 1136 1464 1487
3997 25 277 328 460 702 704 1136 1212 1308 1338 1342 1371 1391 1469 1471 1488 1489 1490 1491 1492 1493 1494 1495 1496
3998 22 271 286
3999 6
4000 82 545
4001 127
4002 6
4003 31 286
4004 6 297 325
4005 21 23 65 127 156 164 431 701
4006 21 545
4007 1497
4008 23
4009 726
4010 21 1469 1495
4011 6 297 1498
4012 6 286
4013 0 6
4014 6 23 30
4015 855 1499
4016 324
4017 6
4018 297 1500
4019 22 271 286
4020 39 1377
4021 1127
4022 1501
4023 6 664
4024 6
4025 6 127 325
4026 6
4027 481
4028 6 117 229
4029 21 25 156 271 328 748 792 1487
4030 21 156 323 1356
4031 21 164
4032 21 328
4033 1376
4034 22
4035 25 913 1316
4036 21 545
4037 229 297
4038 21 23 481 855
4039 21
4040 166
4041 6 327 1165
4042 25 1472 1487
4043 6
4044 6
4045 25
4046 25
4047 567 1503
4048 291 775 985
4049 23 127 164 1158
4050 21 246
4051 25 1464
4052 1212
4053 25 249 283 311 789 1267
4054 6
4055 324 993 997 1248
4056 6 74
4057 49 297 598
4058 6
4059 6
4060 25 156 748
4061 22
4062 6
4063 22
4064 21 169 701
4065 6
4066 6
4067 1501
4068 6
4069 702
4070 1335 1504
4071 6
4072 6 123 229 1505
4073 872 1506
4074 1507
4075 1507
4076 39
4077 6
4078 872
4079 74 1477
4080 23 748
4081 6
4082 23
4083 6
4084 6
4085 6
4086 244
4087 22
4088 0 6 1278
4089 6 30
4090 6
4091 6
4092 23 1392
4093 6
4094 21 23 324
4095 6
4096 598
4097 6
4098 6
4099 493
4100 6 23 1508
4101 25 328 748
4102 30
4103 23
4104 6 21 74
4105 25
4106 872 1506
4107 163 1510
4108 22
4109 6 277
4110 6 30 249
4111 6
4112 748
4113 6 1511
4114 25 126
4115 22 1443
4116 25 39
4117 79
4118 6 30 648
4119 23 30 1078
4120 21 23 25 36 286 748 898 1464
4121 21 23 36 748 898 1464
4122 6 449
4123 21 22 45
4124 6
4125 23
4126 23
4127 21 127 164 701 789 1271 1287 1512
4128 6
4129 431
4130 22 789
4131 23
4132 6
4133 6 23
4134 39
4135 6
4136 21
4137 1513
4138 6 388
4139 39
4140 25 1485
4141 1514
4142 21
4143 154 855
4144 1377
4145 6
4146 22
4147 169
4148 323 1260
4149 23 872
4150 6
4151 701 1417
4152 6 23 25
4153 6
4154 21 22 23 25 83 123 156 164 431 707 745 913 1208 1212
4155 39
4156 1133
4157 286 490 789
4158 872 1078 1342 1355
4159 6
4160 6 648
4161 1514
4162 6
4163 23 25
4164 25
4165 916
4166 872
4167 156
4168 6
4169 6 648
4170 6
4171 6 23
4172 6
4173 6
4174 6 1392
4175 21 164 1470
4176 6
4177 6
4178 6
4179 6 117
4180 328 748 1515
4181 748
4182 6 811
4183 22 286
4184 6
4185 6 74
4186 1136
4187 6
4188 21
4189 6
4190 21 702
4191 21 431 789 1417 1516 1517
4192 6
4193 6
4194 6
4195 6
4196 74 164 246 490 1078 1278 1434 1518 1519
4197 22
4198 6 73
4199 6 1142
4200 6 297
4201 6
4202 6
4203 23 30 36 328 748 1136
4204 6
4205 25 748
4206 156 1448
4207 872
4208 271
4209 127
4210 872
4211 286
4212 31 188 364 684 816 916 1520 1521
4213 6 25 1316
4214 6
4215 1514
4216 6 431 1148
4217 872
4218 916
4219 6 1296
4220 6 591
4221 6
4222 1226
4223 6 634
4224 6 648 1316
4225 702 872
4226 23 338
4227 6
4228 30
4229 297
4230 6
4231 21
4232 6
4233 6 21 23 123 229 421 648
4234 0 6
4235 6
4236 6
4237 164 748 992
4238 31
4239 1136
4240 297
4241 6
4242 6
4243 6
4244 6 21 324
4245 22 1434
4246 186
4247 323
4248 22 286 1033
4249 324 1481
4250 286 872
4251 23 25 123 153 155 165 248 286 1160 1274 1288
4252 25
4253 6 39
4254 6 23
4255 872
4256 1522
4257 25 31 164 286 558 811 816 1523
4258 545
4259 6 286
4260 23 30 1441
4261 1026 1501
4262 25
4263 6 648
4264 21 127 169
4265 286
4266 6 431 1148
4267 6 156
4268 22 1056
4269 324 648 993
4270 1524 1525
4271 6
4272 694
4273 21
4274 6
4275 6
4276 6
4277 39
4278 127 164 352
4279 186
4280 6
4281 25 1464 1487
4282 23 156 249 283 789 1349
4283 21
4284 127 164
4285 6 117
4286 6 21 648 1350
4287 6 21
4288 1526
4289 6
4290 21
4291 702
4292 6
4293 1506
4294 23 156 246 327
4295 23 1278
4296 6
4297 872 1506
4298 39
4299 21 156
4300 25
4301 6 25
4302 21 127
4303 6 103
4304 23
4305 249 789
4306 872
4307 1368
4308 297
4309 21 23 327
4310 6
4311 872
4312 6
4313 0 6
4314 21 22 1417
4315 872
4316 6 648
4317 6 117
4318 21
4319 6
4320 872 1506
4321 23
4322 6 648 1527
4323 21 244
4324 872
4325 6
4326 1528
4327 1528
4328 6 388 585 648
4329 1528
4330 21 328
4331 748 872
4332 6 249
4333 25 1447 1487
4334 872 1529
4335 21 156 545
4336 6
4337 297
4338 702
4339 297 1447
4340 21 23
4341 453
4342 1443 1530
4343 1531
4344 21 22 286 490
4345 21 23 164
4346 6
4347 748
4348 6
4349 1497
4350 872
4351 6 1316
4352 286
4353 6 117
4354 39
4355 6
4356 364 1532 1533
4357 872
4358 169
4359 23
4360 6 286
4361 25 1534
4362 1534
4363 6
4364 1535
4365 6
4366 297
4367 25
4368 6
4369 23
4370 21 23 30 244 338 363 460 896 897 898 899 1136 1267 1285 1327 1356 1391 1458 1459 1471 1472 1487 1488 1493 1528 1536 1537 1538
4371 23
4372 421
4373 872 1528
4374 117 789 1145
4375 21
4376 21
4377 21
4378 21 156 244
4379 6
4380 872
4381 1513
4382 6
4383 271
4384 6 1294
4385 6
4386 21 23 545
4387 117 249 735 1052
4388 6
4389 297
4390 30 297
4391 297
4392 297
4393 6
4394 249 789 1225 1242
4395 297
4396 297 1500
4397 25 1104 1414
4398 1528
4399 328 1539
4400 297 1401 1540
4401 1541
4402 6 22
4403 127 308 421
4404 872 1526
4405 21
4406 21 701 792 924
4407 23
4408 872
4409 6
4410 6
4411 6 22
4412 6 531
4413 6
4414 872
4415 6 1380 1542
4416 297
4417 453
4418 297
4419 6
4420 25
4421 6 21 23 117 297 324 327 352 431 438 531 993 1447
4422 6 22
4423 22 164 286
4424 453
4425 872
4426 748 1354
4427 431 531
4428 6
4429 1104
4430 297 1480
4431 25 1539
4432 6
4433 297
4434 1535
4435 22 286 1033
4436 1528
4437 156
4438 25 437 1330
4439 23 872
4440 6
4441 6
4442 1034
4443 6 156
4444 21 25 156 328 388 437 748 913 1136 1485
4445 1543
4446 6
4447 6 1482
4448 21 82 156
4449 6 25 30 338 1354
4450 6 1420
4451 240 271 694 1369
4452 22 271 286
4453 1535
4454 297
4455 23 25
4456 6
4457 1535
4458 6
4459 23
4460 188 189
4461 6 21 127
4462 23 1528
4463 297
4464 76 789 1544
4465 597
4466 22 324
4467 388 450
4468 453
4469 6
4470 1498
4471 297
4472 6 286
4473 249
4474 21 74
4475 117 297 324
4476 872
4477 39 1136
4478 481
4479 22
4480 21 1417
4481 6
4482 6 21
4483 6
4484 297 1401 1545
4485 271 789
4486 6
4487 25
4488 6
4489 164
4490 39 177 872
4491 6
4492 297
4493 6
4494 30 1487
4495 127 177 263 327 748 1028 1260
4496 21 23 449 597
4497 186
4498 297
4499 297
4500 6
4501 6
4502 6 117 1482
4503 286 1546
4504 6 169
4505 23 169 913 1502
4506 1139
4507 22
4508 30 1528
4509 6
4510 297
4511 297
4512 6
4513 297
4514 21 22 30
4515 30 1525 1547
4516 297 1401 1480 1545 1548
4517 297
4518 872
4519 45 156
4520 25 30
4521 36
4522 6
4523 6 21 39
4524 453
4525 117 324
4526 6
4527 453
4528 6
4529 23 177 328 352 748
4530 249 789
4531 6
4532 23
4533 6 1148
4534 6
4535 21
4536 6
4537 6 21 74
4538 6
4539 23
4540 22 74 169 286 694 992
4541 249 789
4542 164
4543 39 177 872
4544 598
4545 1142 1528
4546 1344 1403
4547 127
4548 789
4549 1497
4550 297 992
4551 453
4552 6 1344
4553 297
4554 297
4555 297
4556 328 872
4557 6
4558 1528
4559 117 297 1549
4560 6 297
4561 6
4562 82 156
4563 156
4564 127
4565 6
4566 6
4567 453
4568 872 1546
4569 297
4570 6 1208
4571 6
4572 6 21 74
4573 6
4574 453
4575 1528
4576 1528
4577 21 23 156
4578 127 286 352
4579 6 127 249
4580 773
4581 6
4582 21
4583 453
4584 30 156 872
4585 6 22 73
4586 6
4587 23 117 297
4588 6 449
4589 6
4590 21 22 1550
4591 1487
4592 6
4593 21 1490
4594 872 1528
4595 21 286
4596 585 1551
4597 520 531 1552
4598 21
4599 297
4600 156 286
4601 6 30 286
4602 21 328 789
4603 21
4604 6 286
4605 6 117 1279
4606 6 21
4607 22 286 694
4608 6
4609 6 246
4610 6
4611 22 30 491
4612 6
4613 1142 1525 1547
4614 22
4615 453
4616 6
4617 271 491
4618 21 22 23 127 164 240 286 748 992
4619 453
4620 21
4621 6
4622 6
4623 6
4624 6 74
4625 6
4626 6
4627 127 164 327
4628 22 271 286
4629 6
4630 916
4631 6
4632 6 1279
4633 6
4634 6
4635 453
4636 22 65 1553
4637 6
4638 1528
4639 328
4640 6 21
4641 1078 1528
4642 23
4643 156
4644 164
4645 271
4646 6 229 297
4647 6
4648 6
4649 6 127
4650 21
4651 858
4652 6
4653 6
4654 1316
4655 246
4656 6
4657 6 1290
4658 6 236 1134
4659 6
4660 6 23 117 324 531 578 1448
4661 6
4662 6
4663 6
4664 297
4665 6 286
4666 6 364
4667 21 23 25 36 156 328 748 913
4668 271
4669 39 328
4670 6 117
4671 789
4672 22 461 1145
4673 1546
4674 6 1518
4675 453
4676 297
4677 21 30 702 1338
4678 286
4679 6
4680 6
4681 6
4682 453
4683 297
4684 6
4685 324
4686 6
4687 6
4688 916
4689 453
4690 602
4691 6 23
4692 21
4693 813
4694 6 117
4695 23
4696 520 1290
4697 872
4698 127
4699 244
4700 271
4701 6 31 74
4702 23 164 1287
4703 6 22 286
4704 694
4705 286
4706 6
4707 164 1484
4708 6
4709 6
4710 6 21 246
4711 6
4712 21
4713 6 31 1482
4714 328
4715 453
4716 21
4717 23
4718 22 421
4719 6
4720 249 789
4721 22
4722 22 286
4723 6
4724 6
4725 297
4726 21
4727 6 21 22
4728 74 246 789
4729 6
4730 80 761
4731 6
4732 6 21 22 23
4733 1555
4734 6 127
4735 286
4736 6
4737 6 249
4738 6 286
4739 1556
4740 249 297
4741 1543
4742 520 1290
4743 271 1033
4744 297
4745 23
4746 453 1217
4747 23 701 1469
4748 21 701
4749 6
4750 240
4751 453
4752 453
4753 21
4754 22 127 748
4755 6 21 22 23 25
4756 6
4757 453
4758 6 913 1350
4759 453
4760 6
4761 21 23 30 363 792 816 896 1472 1536 1557
4762 23
4763 6 23 811
4764 6
4765 992 1558
4766 6 297
4767 6
4768 6 39 117
4769 30 558
4770 6 286
4771 297
4772 6 872 1380
4773 22 25
4774 249 789
4775 21 23 286 327 748
4776 6
4777 6
4778 22 872
4779 6 22 23 286 327 1559
4780 6
4781 164
4782 6
4783 74
4784 6
4785 1560
4786 1543
4787 23
4788 327 748 1217
4789 6 597
4790 6
4791 324
4792 21 164 701 1338
4793 6
4794 297
4795 6 23
4796 297
4797 6
4798 271
4799 23
4800 6
4801 493
4802 6 291 664
4803 22
4804 6 1561
4805 6
4806 21 22
4807 364
4808 6
4809 25 1464
4810 6
4811 6 30 1562
4812 6 21 1490
4813 453
4814 271
4815 23 155
4816 453
4817 297
4818 21
4819 6
4820 6 169
4821 246 1142
4822 297
4823 1375
4824 21 23 286
4825 21 22 23
4826 6
4827 916
4828 21 23 702 1338 1469 1470
4829 1308
4830 453
4831 1308
4832 6
4833 6 328
4834 6
4835 249
4836 6
4837 21 22 1523
4838 22 240 271 1369
4839 23
4840 1564
4841 6
4842 127
4843 6 30
4844 6
4845 6 277
4846 1134
4847 6 83 156
4848 324
4849 6 127 286
4850 453
4851 6
4852 6 74
4853 6 1380
4854 1369
4855 328 748 954 1515
4856 21
4857 21
4858 25
4859 6
4860 297
4861 249
4862 6
4863 127 1307
4864 6 169
4865 6 249 297 789
4866 701
4867 453
4868 30 363
4869 6 103
4870 6
4871 6
4872 6
4873 22
4874 6 169
4875 23 327
4876 6
4877 127 229 246
4878 324
4879 6
4880 21
4881 6
4882 324
4883 6 23 30
4884 25 1566
4885 164 323 992
4886 1567
4887 6
4888 277 453
4889 6 117
4890 22 169 1253
4891 453
4892 6
4893 286 775
4894 324 388
4895 286
4896 164 277 1287
4897 6
4898 634 1078 1212
4899 21 23 127 164
4900 6 23
4901 6
4902 127
4903 6
4904 6 1403
4905 6
4906 297
4907 6 103
4908 30
4909 249
4910 23 244 1568
4911 25 189
4912 6
4913 21 22 23 82
4914 65
4915 127 164 1028
4916 30 156
4917 6
4918 6
4919 6
4920 6 23 229
4921 6 23 229
4922 6
4923 6
4924 6
4925 6
4926 297
4927 1142
4928 6
4929 6
4930 6 23
4931 21
4932 30 1337
4933 22 872 1142
4934 23 169 324
4935 992
4936 127
4937 23 324 431
4938 6
4939 22 271
4940 286
4941 23
4942 6 1148
4943 6
4944 6
4945 6
4946 6
4947 6
4948 6
4949 30 364
4950 6
4951 324 450
4952 297 870 1326
4953 6
4954 6 25
4955 6
4956 6 511 664 1447
4957 328
4958 297
4959 189
4960 22 789
4961 6
4962 21
4963 21 156
4964 6
4965 6
4966 6
4967 23 280 431
4968 6 21
4969 6
4970 31 1256
4971 21 23 954
4972 1271 1386
4973 6 23
4974 22
4975 164
4976 6 748
4977 21
4978 450
4979 6
4980 21 127
4981 297
4982 6 338
4983 22
4984 25
4985 185 186 187
4986 21 23 493 578 648 1448
4987 6 169 249
4988 23 324
4989 6
4990 22 286
4991 6
4992 297
4993 352 431 1350
4994 6 23
4995 21 22 31 127 164 338
4996 25
4997 21 22 23 30 123 246 249 286 352
4998 189
4999 6
5000 21
5001 6
5002 6
5003 6 30
5004 789 872 1546
5005 6
5006 6
5007 811 1256
5008 6 23
5009 6 328
5010 6
5011 21 164 327
5012 328
5013 23
5014 6 286
5015 6 21 648
5016 324
5017 23
5018 21 22 993
5019 6
5020 21
5021 6 1447
5022 297
5023 6
5024 164 748
5025 6
5026 21
5027 6
5028 189
5029 23
5030 6
5031 6
5032 6
5033 6 22 74 127
5034 6
5035 6
5036 6
5037 21 1469
5038 177 327 748
5039 1498
5040 6 169 388
5041 6 21
5042 23 1380
5043 6
5044 23 450
5045 6
5046 6
5047 31 324
5048 1528
5049 74 127 338 1308
5050 6 1256
5051 6 21
5052 1498
5053 22
5054 127 327
5055 6
5056 872
5057 453
5058 6
5059 6
5060 6
5061 6 1569
5062 6 21 23
5063 6 23 1569
5064 6 1569
5065 6 1569
5066 6
5067 21
5068 364 520
5069 0 6 23 229 297 431 993
5070 6
5071 6
5072 127
5073 36
5074 453
5075 6 30 31 761 993
5076 164
5077 6
5078 6 297 1199 1500
5079 21 23
5080 6
5081 6 23
5082 25 189
5083 6
5084 21
5085 6
5086 6
5087 6
5088 6
5089 6
5090 23
5091 6
5092 1151 1570
5093 6
5094 6
5095 6 648 993
5096 6
5097 30 297 388
5098 23
5099 6
5100 6
5101 286
5102 22
5103 22 283 1571
5104 1572
5105 6 23 244 249 352 438 917 954 1434 1458 1568
5106 1498
5107 297
5108 1498
5109 792
5110 6 23 1458
5111 1165
5112 286 1573
5113 6
5114 74 127 164 177 240 327 490 653 701 1142 1359 1550 1571 1574 1575 1576
5115 6
5116 1577
5117 189
5118 6
5119 6
5120 493
5121 6
5122 6
5123 328
5124 6 23 277
5125 22
5126 21 1470 1490
5127 6
5128 6 297 324
5129 6
5130 21 297
5131 6
5132 6
5133 6 21 23
5134 22 271 1369
5135 6
5136 6 23
5137 701 1142
5138 6
5139 21 327
5140 6
5141 103
5142 597
5143 6
5144 6
5145 328
5146 1498
5147 703
5148 6
5149 117 324 1447
5150 1555
5151 453
5152 6
5153 23 324 993
5154 6 280 1332
5155 6 103
5156 6
5157 453
5158 1575
5159 156 324 701
5160 748 1555
5161 283 597 1482
5162 23 327 748
5163 30 271
5164 453
5165 6 1464
5166 6
5167 21
5168 169 1134
5169 21 240 286
5170 1142
5171 6
5172 438 1566
5173 6
5174 21 22 164
5175 6
5176 74 127 164 177 283 327 490 653 1359 1550 1571 1574 1575 1576
5177 6
5178 328
5179 6
5180 6
5181 1028
5182 0 6
5183 23
5184 1559
5185 280
5186 6 25 1441
5187 6 1350 1562
5188 6
5189 23 1555
5190 22
5191 6
5192 6
5193 6
5194 6 1578
5195 286 789 872
5196 21 327 701
5197 6 127 1279
5198 6
5199 297
5200 453 1579
5201 6 30 1580
5202 25
5203 6 21 23 74 127 164 187 189 236 249 277 286 327 748
5204 1225
5205 6
5206 6 286
5207 1498
5208 6
5209 6
5210 6
5211 6 30
5212 23 244
5213 6
5214 25 297
5215 23 913 1330
5216 21
5217 1464
5218 328
5219 21 1482
5220 6
5221 6 169 249
5222 6 21 23 229
5223 30
5224 327
5225 297
5226 6 21
5227 169
5228 22
5229 1543
5230 328
5231 450
5232 23
5233 297
5234 23
5235 1028 1165
5236 23
5237 6 21 702
5238 1498
5239 6
5240 872
5241 6
5242 6
5243 23 25
5244 1555
5245 0 6
5246 6
5247 6 1435
5248 297
5249 6
5250 6
5251 6
5252 6
5253 453
5254 23
5255 328 748
5256 1581
5257 6
5258 453 992
5259 6
5260 6
5261 578
5262 21 23 701 1338
5263 23 872 1546
5264 1566
5265 453 992
5266 240 453
5267 277 1434
5268 6
5269 6 22
5270 23
5271 23
5272 127
5273 6
5274 585 1566
5275 6
5276 6
5277 6 21 169 1134
5278 6
5279 164
5280 453
5281 31 286
5282 6 449
5283 6 648
5284 453
5285 6
5286 1555
5287 748
5288 23
5289 6 127
5290 6
5291 22 286
5292 127 164 992
5293 6
5294 1498
5295 6
5296 6 913
5297 6
5298 6
5299 6
5300 6
5301 1559
5302 6 23
5303 6 872
5304 6
5305 30
5306 6 22 1582
5307 6 31
5308 6
5309 1528 1582
5310 6
5311 328 748 954 1529
5312 6
5313 6
5314 453
5315 748 1515 1584
5316 22 169
5317 6 22 286
5318 6
5319 6 648
5320 21 156
5321 21 23
5322 23
5323 6 22 30
5324 1543
5325 6
5326 1498
5327 23
5328 23 1380
5329 6 648 993
5330 748
5331 6 117 277
5332 22
5333 6
5334 22 286 1033
5335 6 21
5336 127
5337 789
5338 177 327
5339 177
5340 6
5341 6
5342 6
5343 6
5344 6
5345 453
5346 6
5347 22
5348 6 21
5349 6
5350 6
5351 127
5352 6
5353 1134 1434
5354 6
5355 1585
5356 324 352
5357 21 23 1490
5358 25 748 1515
5359 127 164 748 992
5360 1557
5361 177 748
5362 6
5363 286
5364 453
5365 6
5366 6
5367 1310
5368 6 74
5369 1310
5370 6
5371 21 23 327
5372 6 23
5373 453
5374 1502
5375 6
5376 286 453
5377 177
5378 271
5379 1498
5380 6
5381 21 22
5382 6
5383 25
5384 453
5385 6
5386 74 80 286 291 664 916 985 1453
5387 872
5388 453 920
5389 286
5390 22
5391 6 25
5392 6
5393 23 597 1586
5394 6 21
5395 6
5396 6 21 449
5397 453 578
5398 6
5399 286
5400 6
5401 21 23 438
5402 6
5403 6 117 169 761 1134
5404 920
5405 6 21
5406 6 74
5407 1434
5408 6 449
5409 6
5410 6
5411 6
5412 30
5413 6 648 1418
5414 164 701 954 993 1349
5415 6
5416 297
5417 22
5418 1542
5419 21 1245
5420 6
5421 855
5422 286 789
5423 6
5424 6 127
5425 6
5426 6
5427 21 23
5428 6
5429 6
5430 453
5431 872
5432 6 25
5433 6 1562
5434 6 993
5435 22 25 30 491 694
5436 324
5437 6
5438 23
5439 324
5440 1559
5441 297
5442 6
5443 21 1338 1489
5444 21 22 169 286 327 490 653 1338 1369 1545 1574
5445 453
5446 22
5447 585
5448 21 65 872
5449 23
5450 6
5451 6
5452 286 364
5453 453
5454 21 22 23
5455 6
5456 6 648
5457 328
5458 6
5459 21
5460 6 286
5461 453 648
5462 453 648
5463 22
5464 872
5465 993
5466 23 25 30
5467 872 1546
5468 6
5469 297
5470 1585
5471 872
5472 6
5473 6 297
5474 23
5475 6 21
5476 1553 1587
5477 6
5478 1521
5479 164 323
5480 6
5481 164
5482 6
5483 21
5484 22 65
5485 6
5486 6 1562
5487 6
5488 6 648
5489 453
5490 21 22
5491 872 1546
5492 23
5493 6
5494 735
5495 6 21 23
5496 6 23
5497 703 993
5498 286 1279
5499 6
5500 23 324
5501 6
5502 6
5503 6
5504 1588
5505 189 249 1390
5506 6
5507 1142 1589
5508 297
5509 286
5510 73
5511 453 992
5512 22 249 286 1337 1590
5513 6
5514 22 156
5515 1570
5516 1569
5517 6
5518 920
5519 6
5520 22
5521 156 1417
5522 6
5523 6
5524 6
5525 6 648
5526 6 117 550
5527 6
5528 6 127 511
5529 6
5530 23
5531 6
5532 1448
5533 169
5534 6 21
5535 6
5536 6
5537 1585
5538 6
5539 6
5540 1434 1528
5541 6 1562
5542 6
5543 872 1546
5544 164 352 701 702 789 935 1271 1287 1338 1458 1591
5545 6 1448
5546 6 189 286
5547 748
5548 6
5549 388 453
5550 993 1592
5551 6
5552 23
5553 6
5554 30
5555 6
5556 127 453
5557 1528
5558 6
5559 6
5560 6
5561 6
5562 6
5563 127 913
5564 6
5565 169
5566 31
5567 21
5568 324
5569 1199
5570 993
5571 6 31
5572 6
5573 453
5574 6
5575 453 992 1369
5576 6
5577 6 169
5578 1142
5579 1502
5580 1528
5581 6 597 1368
5582 21 1338
5583 6 648
5584 872
5585 6
5586 6 297
5587 271
5588 21 23 648 1354
5589 6
5590 164
5591 1594
5592 6
5593 6 286
5594 6 23 117
5595 6
5596 127 164
5597 701 872
5598 189 286
5599 6
5600 23 156 327
5601 6
5602 6
5603 6
5604 1523
5605 6
5606 6
5607 6
5608 6 22 23 39 1134 1208
5609 6
5610 23
5611 6
5612 22 271 286
5613 811 872 883
5614 6
5615 127
5616 6
5617 21
5618 6
5619 21
5620 6
5621 271
5622 1595
5623 6
5624 6 117
5625 22
5626 6 449
5627 6
5628 23
5629 21
5630 23
5631 6 22
5632 453 1582
5633 6
5634 6 511 1447
5635 286
5636 6
5637 6
5638 6 21 23 117 511 648
5639 31
5640 327
5641 453
5642 453 648
5643 6
5644 297 388 648
5645 6
5646 297
5647 6
5648 6 872
5649 164 748
5650 6
5651 21
5652 6
5653 6
5654 6
5655 811 872
5656 748 1217
5657 6 648 993
5658 6
5659 6
5660 6
5661 22 1417
5662 23 324 438
5663 352
5664 6 21
5665 21 1338 1490
5666 6
5667 6
5668 6 23
5669 65 872
5670 6 23 913
5671 117 388 1350 1447
5672 6
5673 453
5674 453 1380
5675 6
5676 748
5677 6
5678 6 648 1134
5679 6 511
5680 6 23
5681 23
5682 6
5683 23 872
5684 6
5685 6 21
5686 21 22 701
5687 490
5688 164 1597
5689 21
5690 6
5691 6
5692 23
5693 65 156
5694 6
5695 6
5696 6
5697 6 23
5698 6 23 164
5699 1032
5700 6
5701 324
5702 249 789
5703 6
5704 6
5705 6
5706 6
5707 6 648
5708 6
5709 164 453
5710 6 23 117
5711 6
5712 6
5713 872 880 935
5714 6
5715 490
5716 6
5717 6
5718 6
5719 23
5720 6
5721 6
5722 6
5723 916 1434
5724 6 1573
5725 6
5726 6
5727 6
5728 65 453
5729 6
5730 1597
5731 21
5732 6
5733 23
5734 6
5735 6 648 993
5736 21 23
5737 6
5738 6
5739 324
5740 6
5741 6
5742 6
5743 6
5744 453
5745 6
5746 6
5747 21
5748 6 21
5749 164 1597
5750 164 701 1369
5751 249 789
5752 6 23 117
5753 6 21 80 169 246 449 491 953 1148 1490 1598
5754 6
5755 6 22
5756 6
5757 21
5758 23
5759 6
5760 6
5761 324 431 880 1546
5762 297
5763 22
5764 23
5765 1597
5766 6 21
5767 6
5768 6
5769 6
5770 6 169
5771 21
5772 6
5773 6
5774 453 648
5775 6
5776 6
5777 22
5778 6 22 74
5779 185
5780 6
5781 761
5782 6
5783 6
5784 23
5785 6
5786 6
5787 453
5788 6
5789 6
5790 6
5791 6
5792 6
5793 6
5794 6
5795 6 21
5796 21 22 23 327 1338
5797 6
5798 186
5799 6
5800 6 21
5801 6
5802 6
5803 6
5804 23
5805 6
5806 6
5807 6
5808 6
5809 6
5810 23 748 1599
5811 6
5812 6 23
5813 6
5814 748 1597
5815 1597
5816 283
5817 6 913 993 1279
5818 23
5819 6 449
5820 6
5821 22
5822 6
5823 6
5824 6
5825 127 189
5826 23
5827 6
5828 6 1482
5829 6 648
5830 6
5831 6
5832 6
5833 6
5834 127 701
5835 6
5836 6
5837 297
5838 6
5839 6
5840 6
5841 6
5842 6
5843 6
5844 249 1242
5845 6 324 338
5846 1151
5847 453
5848 6
5849 324
5850 23
5851 6 648
5852 22
5853 6
5854 6 21 23
5855 6
5856 453
5857 748
5858 23
5859 6
5860 6 297 324
5861 22
5862 22
5863 23
5864 6
5865 6
5866 6
5867 6
5868 6
5869 6
5870 6
5871 6
5872 6 1362
5873 6
5874 6
5875 6
5876 6
5877 6
5878 6
5879 1597
5880 286 388
5881 748
5882 453
5883 872 880 1600
5884 23
5885 6
5886 748
5887 6
5888 6
5889 6 297 324
5890 6 22 648
5891 22 1566
5892 6
5893 23
5894 6
5895 324
5896 271
5897 6 648
5898 6
5899 453
5900 6 1592
5901 6
5902 31 169 286
5903 23 297 648 992 1577
5904 324
5905 6
5906 164 453
5907 6
5908 6 993
5909 6 286
5910 6
5911 6
5912 453
5913 21
5914 6
5915 297
5916 6 324
5917 6
5918 6
5919 127 164
5920 21
5921 1597
5922 6
5923 453 913 1601
5924 297
5925 6
5926 23 164 297 993 1271 1447
5927 6
5928 6 23
5929 648
5930 21 23 748
5931 6
5932 6
5933 271
5934 23 449 1435
5935 6
5936 6
5937 6
5938 31 277
5939 6
5940 23 653 748
5941 127 164
5942 22
5943 6
5944 1151
5945 6
5946 23
5947 6
5948 23
5949 22
5950 6 23 177 277
5951 6 236
5952 896
5953 6
5954 23 324 913
5955 6
5956 324
5957 23
5958 297 578
5959 6
5960 6 127
5961 6
5962 286
5963 6 913
5964 6
5965 6
5966 6 22 1279
5967 6
5968 6
5969 127
5970 6 338
5971 21
5972 6
5973 6
5974 23
5975 22 297
5976 6
5977 6 1512
5978 22
5979 6
5980 23
5981 22
5982 1502
5983 1287
5984 177 271
5985 22
5986 453 880
5987 6
5988 6 1419
5989 6
5990 6 286 648
5991 6
5992 6
5993 1550
5994 6 449
5995 6 23 236 648
5996 6 1483
5997 286
5998 80 286
5999 453
6000 6 236
6001 6
6002 6
6003 127 164 327 1597
6004 324 1434
6005 748 1566
6006 6 1577
6007 22
6008 6
6009 23 1488 1603
6010 6
6011 23
6012 23 327 1321
6013 6
6014 324 648
6015 65 156 1604
6016 6 993
6017 6
6018 6
6019 6
6020 22
6021 748
6022 22 286
6023 6
6024 6
6025 6 23 1199
6026 6
6027 6
6028 6
6029 6 993
6030 453
6031 6 117
6032 127 164 1602
6033 22
6034 6 127
6035 352 453
6036 23 1512
6037 6
6038 6
6039 6
6040 453
6041 6
6042 6
6043 23
6044 23
6045 6
6046 896
6047 6
6048 493
6049 127 164 327 738 748 1583
6050 23
6051 22
6052 23
6053 453
6054 6
6055 22
6056 22 23 156
6057 6
6058 6
6059 6 648
6060 6
6061 6
6062 6
6063 23
6064 23
6065 23
6066 164 324 1447
6067 6
6068 6
6069 6
6070 22 271 1369
6071 23
6072 648 1606
6073 6
6074 6
6075 21
6076 6
6077 6 324 1607
6078 6
6079 6
6080 6 449 648
6081 6
6082 453
6083 277
6084 453
6085 6
6086 6
6087 748
6088 6
6089 6
6090 324 648 993
6091 6
6092 80
6093 6
6094 6 21 23
6095 6 23 872
6096 6
6097 22 156 327 1608
6098 286
6099 6
6100 6
6101 6
6102 6
6103 6
6104 6
6105 6
6106 6
6107 6 22 23 80 117 449 648 748
6108 6
6109 701
6110 164
6111 6
6112 6
6113 23
6114 6
6115 453
6116 23
6117 992
6118 23
6119 6 388
6120 6
6121 6
6122 6
6123 6
6124 6 449
6125 22
6126 127 164
6127 6
6128 6
6129 6
6130 6
6131 6 449
6132 22 23 127 748
6133 6
6134 22
6135 6 324 449
6136 6 648
6137 22 164 286
6138 453 701 1536 1568
6139 6
6140 127 164 166
6141 23
6142 23
6143 22 23 127 164 286 327 1509 1605
6144 6
6145 6
6146 6
6147 6 648
6148 6
6149 6
6150 22 748 913
6151 22
6152 22
6153 6
6154 6
6155 438 453
6156 6 286
6157 23 935
6158 22
6159 6
6160 22
6161 453 1545
6162 6 23 431
6163 22
6164 6 22 1607
6165 22
6166 6
6167 127 164 701 1271 1338 1597
6168 286
6169 6
6170 6
6171 6
6172 6
6173 164
6174 6
6175 22 23 748
6176 6
6177 21 22 23 103 327 701 748 1447 1571
6178 6 23
6179 22
6180 6
6181 22
6182 6 1580
6183 6
6184 6
6185 6
6186 6
6187 22 286
6188 23 164 327 1287
6189 6
6190 6
6191 166
6192 6
6193 1580
6194 6
6195 23
6196 6
6197 23
6198 6 286
6199 6 22 648
6200 6
6201 6
6202 23 748 1458
6203 6
6204 324
6205 6 188
6206 23
6207 6
6208 6
6209 6
6210 6
6211 6
6212 23
6213 431 453 648
6214 6
6215 453
6216 701 1522
6217 6
6218 6
6219 324
6220 297
6221 6
6222 6
6223 6
6224 6
6225 6
6226 6
6227 748
6228 6 748
6229 6
6230 6
6231 6 648
6232 431
6233 6 189
6234 286 324
6235 6
6236 6
6237 23
6238 22
6239 80 1609
6240 6 531
6241 6
6242 1287
6243 6
6244 6
6245 6
6246 6
6247 164 453 913 1350
6248 6
6249 324
6250 22 271 283
6251 6 431
6252 6
6253 6
6254 1483
6255 6
6256 22
6257 6
6258 1287
6259 22 166
6260 6 117
6261 6
6262 127 164
6263 6
6264 6
6265 6
6266 6
6267 1601
6268 6
6269 22 1610
6270 6 277
6271 6
6272 6
6273 6
6274 6
6275 6 291 985
6276 6
6277 6 277
6278 6
6279 6
6280 6
6281 6
6282 6 127 1279
6283 6 291 648
6284 6
6285 6
6286 6 21
6287 6 297 324 735
6288 6 324
6289 297
6290 6
6291 6
6292 6
6293 6
6294 6 648 1545
6295 6
6296 6
6297 188
6298 6
6299 22 453
6300 6
6301 6
6302 6
6303 6
6304 6
6305 23 324
6306 6
6307 6
6308 6
6309 6
6310 6 908
6311 6 277
6312 117
6313 6
6314 6 236
6315 23
6316 6 23 117
6317 21 22 23 82 327 1607
6318 22 545 1417
6319 22
6320 6
6321 6
6322 6
6323 156 913
6324 286
6325 6
6326 6
6327 6 286
6328 324 648
6329 6
6330 748
6331 6 324 648
6332 531
6333 286
6334 1527
6335 6
6336 6
6337 6 896
6338 6
6339 6
6340 6 648
6341 23 748
6342 748
6343 1085
6344 6
6345 164
6346 6
6347 23
6348 22 286
6349 6
6350 6
6351 6
6352 6
6353 156 913
6354 6
6355 23 324
6356 23
6357 22 748
6358 6
6359 431 1500
6360 6
6361 6 364
6362 6
6363 6
6364 6
6365 6
6366 748
6367 6
6368 6
6369 6
6370 6 23 748 1447
6371 6
6372 297 913
6373 6
6374 6
6375 6 286
6376 6
6377 6
6378 324 993 1447
6379 6
6380 6
6381 22
6382 6
6383 22
6384 324
