0 0
1 1
2 1
3 2
4 3
5 4
6 1
7 5
8 6
9 7
10 1
11 1
12 1
13 8
14 9
15 1
16 10
17 11
18 1
19 12
20 1
21 1
22 1
23 13
24 14
25 15 16
26 1
27 10
28 1
29 17
30 18 19
31 20
32 21
33 22
34 1
35 1
36 1
37 17
38 23
39 24 25
40 10
41 1
42 10
43 26
44 27
45 1
46 28
47 29
48 17 6
49 10
50 1
51 10
52 1
53 1
54 30 31 25 21
55 6
56 10
57 1
58 32
59 10
60 1
61 33
62 34
63 1
64 10
65 1
66 35
67 30 25 21 36
68 1
69 1
70 35
71 37
72 10
73 38
74 36 39
75 18
76 1
77 35
78 1
79 10
80 37
81 40 41 42 43
82 37
83 18
84 44
85 35
86 45
87 1
88 46
89 15
90 47
91 18 19
92 37
93 48
94 35
95 49 30
96 2
97 50
98 51 21
99 38
100 37
101 52
102 6
103 53
104 54
105 35
106 17
107 55
108 37
109 56
110 36
111 6
112 57
113 6
114 57
115 58
116 30
117 57
118 59 60
119 25 62
120 63 64 65
121 57 66
122 52 67
123 68 69
124 57
125 61
126 70
127 6
128 57
129 71 16
130 41 72
131 57
132 74 6
133 75 76
134 6
135 44
136 77
137 78
138 79 80
139 82 83 84
140 86 87
141 88
142 9
143 89
144 21 90
145 91 92
146 9 2
147 93
148 9
149 74
150 68
151 9
152 1 94
153 12
154 6 95
155 6
156 37
157 37
158 96
159 57 97
160 25
161 98
162 99
163 36
164 100
165 101
166 102
167 103
168 94
169 104
170 105
171 106 107 108
172 106
173 109
174 110
175 111
176 17 6
177 57
178 37
179 6
180 57 112
181 113 114
182 6 115
183 57
184 37
185 116
186 16
187 117 118
188 57
189 6
190 57
191 119
192 30 25
193 57
194 9 120
195 9
196 57
197 122 123
198 124 125
199 57 66
200 41
201 126
202 127
203 128 129 130 131
204 2 132
205 133 132
206 134
207 71 135
208 57
209 6 137
210 138
211 139 41
212 140
213 64 142 30 143
214 57
215 63 64
216 144 145
217 139
218 57
219 146 147
220 148
221 149 6
222 6
223 74 6 151
224 153 154 155
225 156 82
226 25
227 157
228 158 159
229 161 84 162 21
230 163
231 21 156
232 164 165 166
233 167
234 51
235 167
236 11
237 168
238 25 36 169
239 132 170 171 66
240 172
241 21 25
242 30
243 66 173 174
244 6 176 25 177
245 178
246 2 179
247 180
248 85 182 183
249 185 186 187 188 25 30 189
250 190
251 191
252 184 30
253 44
254 25 8
255 193
256 194
257 195
258 30 25
259 197 198
260 199
261 200
262 51
263 173 132 171 66 201 202
264 66 163 25 30
265 203 21
266 205 206 207 208 209 210
267 6 39
268 52
269 212
270 51
271 213
272 17
273 213
274 214
275 215 44
276 216
277 217
278 218
279 219
280 173 35
281 221 22 222
282 223 25 36
283 224
284 218
285 225
286 226 21
287 21 227
288 228 43
289 149 127 229 43
290 230
291 231 30 127 161 21
292 232
293 136
294 233 234
295 235
296 6 236
297 237
298 238
299 239 240 6 0
300 242 243
301 23 30 80
302 245
303 0 52 247 248 74 2 249 250 15 23 25 30
304 25 17 251
305 21
306 253 254 255 256
307 252 253
308 252 253
309 167
310 257
311 71
312 228 258
313 254
314 259 260
315 261
316 74 262 21
317 258
318 25 153 263
319 264
320 265
321 84
322 75 243
323 266
324 267
325 265
326 123 21 165 269 270
327 193
328 7
329 193
330 271
331 272
332 84 162
333 193
334 42
335 273
336 274 275
337 162
338 266
339 161
340 276
341 41 6 39 229
342 9
343 277 278
344 25 155 149
345 51 147
346 6 149
347 173 30 25
348 279
349 44
350 281 282
351 225
352 283 284
353 286 287 288
354 289 280
355 17 290
356 22 286 292 293 294
357 295
358 296 297
359 298
360 143 25 299 22 300 301 222
361 302
362 303
363 304 305 306
364 298
365 252 253
366 127 30 307 308 309
367 60
368 161 84 310
369 311
370 249 313 314 315 316 90 317 318 319
371 320
372 321
373 322
374 44
375 292
376 323
377 324 325 94
378 24
379 106
380 84
381 165 326
382 327 25 328 329
383 6 330
384 331
385 25 30
386 16 333
387 334
388 286 271 335
389 336
390 127
391 337
392 30 25 155 36 339 178 143
393 30 340 341 248 74 236 143 342
394 16 343
395 163
396 344 345
397 6 30 25
398 346
399 99
400 347
401 6
402 348
403 281
404 257
405 349
406 30 25
407 6
408 350
409 6 123
410 351
411 6 0
412 236
413 236
414 22 21 352
415 20
416 353
417 354
418 355
419 39 86 136
420 292
421 41
422 257
423 356 357
424 103 6
425 358
426 359 360 294 361
427 362 156
428 363 364
429 30 25 143 366 367 163 368
430 358
431 0 250
432 141 21 64 218 369 370
433 369
434 10
435 25 30 143 366 367 163 368
436 371
437 288
438 226 30
439 372 373
440 63
441 374
442 110
443 375
444 1
445 285 288
446 376
447 10
448 10
449 106
450 6 149 30 377
451 288
452 41 6 39 229
453 10
454 378 298
455 10
456 10
457 6 52
458 114
459 298
460 10
461 10
462 10
463 10
464 22 86
465 380 381 382 383 384 385
466 114
467 10
468 10
469 10
470 10
471 10
472 10
473 10
474 10
475 386
476 51 147
477 387
478 74 388 73
479 52
480 389
481 6 31
482 25 36 251
483 390
484 391
485 393 394 395 396 397 156 398 30 399 257 400 345 401 402 41 403 99
486 6
487 10
488 10
489 404
490 10
491 10
492 10
493 10
494 10
495 10
496 405
497 10
498 406 6
499 407
500 408
501 60
502 6 409
503 410
504 25 411
505 25 60 52 143
506 364
507 412
508 10
509 127 414
510 25 415
511 382 383 417
512 418 419
513 420
514 10
515 6 421
516 6 17
517 422
518 423
519 425 31
520 426
521 383 427
522 1
523 298 428
524 429
525 430
526 431
527 6
528 420 433 434 435
529 44
530 436
531 437
532 430
533 74 73
534 302 152
535 438
536 439
537 141 64
538 440
539 30 372
540 441
541 74 409 147
542 442 443
543 6
544 23 444
545 21 445
546 6
547 222
548 6
549 446 447
550 6
551 448 6 449 450 451 0 452
552 10
553 6
554 454 455
555 2
556 6 17
557 456 457
558 6
559 456 457
560 2
561 6 25
562 52 2
563 10
564 6
565 458
566 292 459
567 10
568 376
569 156 82 30 460 161 83 227
570 461 24
571 462
572 464 465 466 467 468 469 470 128 249 314 471
573 22
574 6
575 248
576 6
577 197
578 472 473
579 474
580 25 17 143
581 461 323 24
582 475
583 337
584 364 29 477
585 478
586 22 479
587 6
588 25
589 156 25
590 376
591 163
592 480
593 481 482
594 8
595 343 8
596 6
597 484 485
598 486 149
599 487 488
600 489
601 439
602 6
603 439
604 156 372
605 6
606 491 492
607 493
608 493
609 6 479
610 494 495
611 496
612 498 499 500 501 502
613 503 504
614 359 360 505 294
615 506 507
616 508
617 509 510
618 18
619 511
620 508
621 292 512
622 21 455
623 30 372 244 169 513 514 515 516 517
624 6
625 518
626 519
627 127 520 346 40 521
628 437 143 36
629 522
630 6
631 62
632 25 52
633 21
634 523
635 117
636 6 151
637 524
638 96
639 103
640 6 408
641 6 229
642 525
643 36 526
644 36
645 6
646 163
647 387
648 21 25
649 144 527
650 6 74 248 222 136 528 529
651 408
652 10
653 6
654 79
655 530
656 172 99 532 533
657 117 534 96
658 10
659 25 52
660 535
661 6 149
662 536 537
663 30 36 465
664 21 156
665 421
666 287
667 538
668 6
669 6
670 6
671 441 539 540 541 147
672 49
673 10
674 156
675 542 234
676 10
677 543 544
678 63
679 6
680 545 518
681 103
682 30 6 52
683 6
684 25
685 6 25
686 6 123
687 49 30 546 341 112 463 57 132 547 211 43
688 63
689 548
690 17
691 549
692 550 170 551 66
693 63 64
694 10
695 25 552 52 42 553 554 555
696 437 165 17 556
697 487 488
698 10
699 557
700 302
701 226 321 8
702 25 558 36
703 559 560
704 10
705 30 460 227
706 25 561
707 562 563
708 162 564
709 565 462
710 145 566
711 567 568
712 569 292
713 51 570 158 571
714 6
715 161 83
716 6
717 25 323
718 103 572
719 10
720 10
721 573
722 574
723 79 343 575
724 556 577
725 248 479 74 578 579 580
726 581
727 17
728 6 479 292 580 172
729 583 309
730 99 584
731 6
732 10
733 585 586
734 172 587
735 79 588
736 55
737 42
738 10
739 589
740 6
741 17 251
742 39
743 6 590
744 222 335
745 591 325 136 529
746 49 2
747 25
748 222 335
749 39 409 136
750 592
751 376
752 10
753 30 372
754 0 593
755 387
756 6 151
757 10
758 21 156
759 594
760 10
761 242
762 593 340
763 596
764 236
765 597 598 151 599
766 25 600
767 6
768 601
769 49
770 6 151
771 376
772 103 6
773 23 6
774 602
775 64 17
776 6 409
777 604 605 606
778 25 323
779 607
780 10
781 609 25 251 36
782 6
783 103
784 610
785 10
786 337
787 103
788 162 81
789 75 611
790 480 612
791 442 613
792 562
793 17
794 17
795 10
796 233 542
797 83
798 52
799 614
800 123 52 615
801 156 567 161 513 295
802 616 617 618
803 10 619 620 621
804 238 409 15 622
805 25
806 0 448 99
807 10
808 6 623
809 25
810 248 75 340 190 624 350
811 156 30 564
812 337
813 25 36 251
814 10
815 10
816 6 30
817 383 626 627
818 628
819 80 6 21 169 25 325 60 248 165 136 629 143 630
820 376
821 631
822 162
823 6
824 631
825 6
826 21 156
827 10
828 632
829 455
830 359 360
831 10
832 6
833 44
834 361 284 369 564
835 22
836 30 21
837 413 246
838 30 25 165
839 634
840 635 479
841 30
842 103
843 103
844 49 488
845 636 637
846 6 638
847 439 639
848 640 372
849 6
850 284
851 641
852 22 490
853 642
854 25
855 277
856 641
857 241
858 25
859 163
860 30 25
861 643
862 6
863 645 646
864 147
865 52 647
866 203 21
867 6 49
868 25
869 648 149 649
870 6 650
871 10
872 40 649
873 387
874 10
875 651
876 302
877 564 141
878 135 651
879 382 652 383 302
880 6 15
881 382 383 302
882 576
883 6
884 653
885 567 45 83 654 564
886 6 25 68 655 656
887 302
888 6
889 657
890 21 156
891 382 658 652 383 659 427 381 660 661 662 663
892 22 286 664 541 665 666 172 667 668 669 670
893 671
894 672 673
895 639
896 21 583 23 71 460 523 674 556 675
897 676
898 6
899 25 60
900 94
901 156 83
902 677
903 6 25
904 616 678 617 679 373
905 222 286
906 10
907 103
908 21 564
909 680 681
910 292 682 683 172 293 580
911 684
912 21 685
913 52 372 572
914 686
915 248 687 688 8 689 690 691
916 6
917 23
918 692
919 693 203
920 593
921 71 16
922 271 694 695 335
923 602 640 372
924 696
925 10
926 697 698
927 699 651
928 600 81
929 593
930 94 700
931 6 324 164 701 307 702 244 703 704 421 705 706 707 220 165 94 362 673 143 708 147
932 21 523
933 25
934 6
935 8
936 163 364 539 51 363 249 710 29 711 712 343 713 619 714
937 30 17
938 715
939 716
940 16 717
941 436
942 716
943 30 698
944 10
945 147 363 249 718 719 705 655
946 17
947 10
948 10
949 10
950 720
951 593
952 10
953 10
954 292 172 721 722 580
955 103
956 723
957 724 725
958 80 10
959 372 698
960 10
961 726 584
962 727
963 728
964 86 490
965 729 479
966 82 45 60
967 60
968 449 151 730
969 323 731 732 733
970 409 136
971 734
972 21 735 99 736 737
973 17
974 99
975 726 739 740
976 10
977 436
978 52 687
979 10
980 436
981 741 742
982 729
983 10
984 156 83
985 742
986 25
987 743
988 10
989 493
990 10
991 744 220
992 17 529
993 156 745
994 746
995 747
996 16 619
997 30 25 36 523 143 251
998 694 749
999 144
1000 750
1001 226 8
1002 751
1003 752
1004 30
1005 753 751
1006 21 30
1007 25 465
1008 754
1009 10
1010 567 83 84 755
1011 6
1012 6 409
1013 17
1014 619
1015 156 30 25 756 640
1016 16 52
1017 6 52
1018 6
1019 17
1020 6 723
1021 23
1022 387
1023 144
1024 493 39
1025 149 757 758
1026 31 706 759
1027 79
1028 760
1029 39 91
1030 762
1031 30 17 21 523 161
1032 462
1033 211
1034 6
1035 6
1036 10
1037 287
1038 763
1039 628
1040 25
1041 21 764
1042 6
1043 25
1044 409
1045 6
1046 363 249 30 244 718 51 765 766 767 768 147 769
1047 770
1048 753 751
1049 21
1050 117 52
1051 612
1052 103
1053 25 756
1054 685
1055 729
1056 421 123
1057 6
1058 771 638
1059 6
1060 6 772
1061 481
1062 773 52
1063 16 343
1064 775 74 776 777
1065 6
1066 80
1067 6 25
1068 30 143
1069 372 698
1070 6
1071 156 226
1072 778 779
1073 754
1074 781 782
1075 6
1076 23 123
1077 783
1078 25 16 619
1079 30 372
1080 52
1081 25 372
1082 785 786 787 788
1083 6 49 30 25 229 52 17
1084 789 25 790 260
1085 791
1086 387
1087 311 723
1088 723
1089 10
1090 10
1091 792 36 793 794 486 795 465 506 796 797 798 799 800 801 802 197 564 803 804 264 805 806
1092 10
1093 10
1094 807
1095 729
1096 449 30 25 36 248 143 543 251
1097 6 25
1098 6
1099 481 808
1100 437
1101 249
1102 25
1103 687 810
1104 39
1105 6 246
1106 25 506
1107 812
1108 619
1109 36 60
1110 475 814
1111 773
1112 30 16
1113 30 25
1114 25 815
1115 817 818
1116 25 16
1117 16
1118 156 16 819 820 821
1119 117 534 672 822
1120 823
1121 30 729
1122 3
1123 103 6
1124 824
1125 30 25 523 825 143
1126 439
1127 723
1128 11
1129 21
1130 6 30
1131 21 30
1132 73 826 288
1133 225
1134 752
1135 117 229 623 136 746
1136 6 136
1137 789 36 827
1138 828 593
1139 6
1140 578 619
1141 6
1142 30 25 123 829 830 831 832 17 372 833 834 835 836
1143 156 837
1144 508
1145 838
1146 839 7 840 841 842 843 844 845 846
1147 25
1148 21 25 244 229 323 832 638 847 729
1149 812
1150 848 558 684 706 759 849
1151 21
1152 789 493 372 850 851
1153 6 852
1154 60 16 151
1155 17
1156 73 151 853
1157 376
1158 21 854
1159 6 855
1160 96
1161 127 352
1162 325 409
1163 30 226
1164 409
1165 8 856
1166 25
1167 156 84
1168 857
1169 30 25
1170 31 558 816 858 859 756 52 759 51 147
1171 860 861
1172 812
1173 812
1174 242
1175 812
1176 286 271
1177 74 73
1178 687 638 488
1179 17 290
1180 789 25
1181 63
1182 21 8
1183 862 638
1184 21
1185 481
1186 251
1187 25 706 863 93 222 372 864 335
1188 6 25 698
1189 6
1190 735 30
1191 293 865 172 866
1192 25 151 826 136 473
1193 21 30 25
1194 21
1195 123 867
1196 868
1197 323 165
1198 6 21 25 155 869 698
1199 870 599
1200 16
1201 30 25
1202 308 248 871
1203 872 249 597 759 136 372 698 873
1204 25
1205 25 39
1206 74 73
1207 874
1208 558 39 602 308 151 409 759
1209 481
1210 439
1211 623 136
1212 875
1213 21
1214 21
1215 21
1216 151 876
1217 226
1218 619 110
1219 877
1220 6
1221 6 372
1222 25
1223 25
1224 127 21 249 25 165
1225 372 698 878
1226 346
1227 0 879
1228 880 881
1229 144
1230 882 351
1231 883 25 793 465 884 52 796 885
1232 156 82 30 84 372
1233 6 21 30 25 17
1234 17 556
1235 882
1236 886
1237 723
1238 249 718 51 147
1239 481 887 268 151 52 149 876
1240 337
1241 888
1242 6 886
1243 16
1244 481 698
1245 25 123
1246 508 889
1247 30 25 613
1248 455
1249 165 94 672 890
1250 30
1251 21 156
1252 23 891
1253 490 892 893 260 894
1254 876 529
1255 789 25 895
1256 789 388 16 343 895 864
1257 21 896 897 460 898 899 829 900 17 901 227 902
1258 25 903 904
1259 16 343 110
1260 431 6 21 25 229 481 123 94 136 905
1261 874
1262 94 149
1263 22 360
1264 906 68
1265 875
1266 907 908
1267 906
1268 909
1269 308 751
1270 699 910
1271 249 460 463 911 547 912 564
1272 465 803
1273 6 30 486 397 372
1274 161
1275 21 156 82 25 558
1276 914
1277 915
1278 30
1279 619 593
1280 916
1281 917 36 918 52
1282 400
1283 249 864
1284 23 165
1285 6 919
1286 6
1287 155 39 321
1288 21 30
1289 144
1290 6 529
1291 920
1292 30 25 328 455
1293 881
1294 30 79 52 759
1295 523
1296 874
1297 6 921
1298 25
1299 30 300
1300 812
1301 6
1302 619 922
1303 923
1304 271
1305 256
1306 338 74 30 488
1307 0 924
1308 42
1309 21 165
1310 308 925 409 149 889
1311 753 751
1312 926
1313 6
1314 761 775 927 928 929 930 931 932 652
1315 25 926
1316 6
1317 25 372
1318 6
1319 244 325 151
1320 858 308 529
1321 16 933
1322 323 165
1323 934
1324 458
1325 935 936 165
1326 30 25 165
1327 325 308
1328 17
1329 874 52
1330 21 25
1331 156 82 83 729
1332 25 372
1333 6 886
1334 6
1335 6
1336 619 937
1337 156 819
1338 30 52
1339 352 155 323 707
1340 30
1341 6
1342 938
1343 751
1344 939 59
1345 940 165
1346 21
1347 52
1348 940 165
1349 812
1350 940 165
1351 801 941
1352 751
1353 942
1354 943
1355 6 52
1356 619 944
1357 598
1358 25 346
1359 17
1360 79 945
1361 6 136
1362 30 25 437 17 640 372 698 143 251
1363 6 946
1364 74 136 698
1365 144
1366 229 144 123
1367 156 947
1368 144
1369 948
1370 103
1371 294
1372 949
1373 950 400
1374 6 951
1375 21 156
1376 6 952
1377 161 837
1378 21
1379 684
1380 25
1381 343 400
1382 30 556
1383 21 123
1384 59 753
1385 156 84
1386 161
1387 953 954
1388 30 25 39
1389 21 437
1390 6
1391 400
1392 156 82 123 83 955 745 752 372
1393 161
1394 956
1395 290
1396 957
1397 6 25
1398 83 600 84 958
1399 25
1400 165
1401 16 42
1402 16 42
1403 30 172
1404 156
1405 17
1406 959 960 961
1407 622
1408 25
1409 753
1410 165
1411 23
1412 6 21 30 25
1413 751
1414 161 962
1415 6 409
1416 268
1417 918 963
1418 716
1419 965 966 967
1420 63 8
1421 30 968 869
1422 83 400
1423 123
1424 969 970
1425 567
1426 971
1427 25
1428 30
1429 36
1430 324 648 0 421 972
1431 79 687 698
1432 42 15
1433 21
1434 6 52
1435 156 30 729
1436 773
1437 6
1438 144
1439 156 84
1440 6
1441 144
1442 400
1443 400
1444 144
1445 973
1446 926
1447 52
1448 974
1449 52
1450 25 825
1451 25
1452 161 975 698 227
1453 39
1454 869
1455 508
1456 490 491 360 695 492
1457 976
1458 959 960
1459 6
1460 6 25 977 975
1461 978 979
1462 6
1463 229 52
1464 6 409
1465 338 21 31 244 816 706 220 817
1466 757 287
1467 16
1468 30 25
1469 25
1470 752 400
1471 21 567
1472 25 16 619
1473 980 981
1474 25 639
1475 21 308
1476 25 640 143
1477 982
1478 983
1479 117
1480 6 144
1481 16 619
1482 465 9
1483 6 21 25
1484 25
1485 25 52
1486 481
1487 984
1488 30
1489 284
1490 25 36 698 143
1491 6 986
1492 25
1493 286 695
1494 987
1495 325 406
1496 30 377 372 983 988
1497 819 8
1498 25 52 17
1499 987
1500 151
1501 120
1502 6 21 325 15 136 989 630 528
1503 249 308 599
1504 990
1505 21 229 599 623 149 136 991 529
1506 17 290
1507 438
1508 17
1509 230 165 639
1510 993 0 826 136 473
1511 6 599
1512 30 372
1513 16 895 994 891
1514 6 144
1515 6 995
1516 308 52
1517 63 8
1518 156 30 25 996 997 998 165 52 451 826 149 999 1000 1001 1002
1519 30
1520 1003
1521 982
1522 982
1523 1004
1524 30 448
1525 291 22
1526 6
1527 819
1528 6
1529 364
1530 161 84 310
1531 907
1532 6 635
1533 16
1534 1005 310
1535 30 25 421 60
1536 6
1537 6
1538 25
1539 30 25
1540 30
1541 30
1542 103 156 578 25 1006 995 907 149 1007
1543 957
1544 1008
1545 308
1546 781 782
1547 156 21
1548 1009 1010
1549 16 619
1550 16 619
1551 16
1552 74 355 1011 257 143 1012
1553 16 343
1554 16 687
1555 748 21 25 523
1556 1013
1557 21 156
1558 30 36
1559 16 619
1560 363 16
1561 1014 1015 752 1016
1562 508
1563 21 25 17
1564 16 619
1565 286 30
1566 21 156
1567 21 63 1017 226 8
1568 227 460 161 22
1569 25 1018 1019
1570 6
1571 982
1572 6 908
1573 30 284
1574 688 1020
1575 454
1576 25 638
1577 695
1578 6 25
1579 6 21
1580 763
1581 64 819
1582 30 917 25 598
1583 6
1584 1021 222 335 1022
1585 6
1586 6
1587 30 25
1588 52 885 1023
1589 6
1590 454
1591 52 885
1592 30 25
1593 249
1594 103 6
1595 6
1596 0 52
1597 465
1598 819 1024
1599 25
1600 25 328 1025
1601 6 151
1602 619 687
1603 819
1604 1026
1605 25 36 534
1606 117 144 859 151 52 473 1027 737
1607 1028 30 25
1608 31 706 759 147
1609 1009 1010 1029
1610 6 21 30 25 36 165 52 907 1030
1611 23
1612 16 619
1613 80 6 30 25 244 229 829 52 17 1031
1614 68 17
1615 308 16
1616 25 16 619 687
1617 454
1618 25 16 619
1619 6
1620 16
1621 30 64
1622 16
1623 25 602 308
1624 6 123
1625 6
1626 811 816 51
1627 0 52
1628 16
1629 286 21 271 1032 1033 694 1034 1035 360 1036
1630 6
1631 310
1632 16 619
1633 694
1634 619 687
1635 16
1636 621
1637 21 1037
1638 16 619
1639 695 975
1640 16 619
1641 25 52
1642 164 1038 165 62 834
1643 364 16
1644 16 553
1645 16 619
1646 25 1039
1647 82 25 84 372 698
1648 1040 454
1649 298 1041
1650 6
1651 188 308
1652 6
1653 6 0
1654 16 619
1655 1043 593
1656 6 30 25 60 451
1657 16
1658 308 759
1659 82 161
1660 6 151
1661 907 908
1662 6 1044
1663 908
1664 16 619
1665 52
1666 127 30 25 437 220
1667 6
1668 1045
1669 1046
1670 6 30 79 149
1671 945
1672 16 619
1673 1045
1674 21 896 897 460 899 829 1047 900 17 227
1675 16 619
1676 6 30
1677 748 21 156 25 792 460 437 523 465 52 796 1048 798 1049 1031 802
1678 421 809 149 876
1679 16
1680 585 16
1681 16
1682 308 16
1683 6 229
1684 22 1050
1685 1051
1686 63
1687 30 1052 372
1688 52
1689 830 343 687 698
1690 52
1691 6 25
1692 51 1053
1693 1054
1694 16
1695 308 372
1696 68 16 619
1697 248 507
1698 25 60 506 1055 507 372
1699 971
1700 1056 308
1701 621 172
1702 57 1057
1703 1058
1704 936
1705 308 751
1706 493 17
1707 310
1708 751
1709 25
1710 25 16 619
1711 439
1712 30 25
1713 16 110
1714 16 619
1715 1059 8
1716 156 74 30 545 45 350 248 756 1060 867 64 568 698 1061
1717 16 619
1718 1043
1719 759 51
1720 16 619
1721 16 619
1722 16 619
1723 6
1724 16
1725 16 619
1726 298 1041
1727 16 619
1728 945
1729 16 619
1730 16 619
1731 945
1732 16
1733 16
1734 249 864
1735 94 1062
1736 16
1737 16
1738 16
1739 30 25
1740 308 16
1741 30
1742 598
1743 16
1744 16
1745 16
1746 619 687
1747 16
1748 16
1749 16 619
1750 16
1751 16 619
1752 16
1753 25 16 619
1754 16 619
1755 16 619
1756 16 619
1757 16 619
1758 16 619
1759 796
1760 308 16
1761 16 619
1762 6 143
1763 6 25
1764 30 25
1765 0
1766 25 16 619
1767 16 619
1768 16 619
1769 952
1770 16 619
1771 16
1772 511 599 136
1773 999 358
1774 1063
1775 16
1776 1064
1777 1065
1778 16
1779 22 286
1780 6
1781 60 1066
1782 21
1783 25 16 619
1784 16 619
1785 811 945
1786 39 534
1787 6
1788 308 16
1789 156
1790 16 687
1791 30 16
1792 16
1793 16 619
1794 291 22 286 985 664 761 294 1067 292 293 361 865 666 172 1068 1069 667 1070 1071 1072
1795 25
1796 117 40
1797 21
1798 22
1799 0 16 149
1800 25 1073
1801 21 30
1802 6 21 25 52
1803 437
1804 428
1805 837
1806 6
1807 1074 534 96 1075 572 672 822
1808 151 599
1809 16 619
1810 431 6 486 397 372
1811 16 619
1812 364 1076 284
1813 462 16 343 395 619 766 1077 110 651
1814 30 16
1815 16 619
1816 16
1817 16
1818 30 372
1819 16
1820 16
1821 308 16
1822 16 619
1823 308 16
1824 21 25 36 1078 52 1079 885 759 17 372
1825 16
1826 16
1827 6 52
1828 363 16
1829 16 619
1830 481 39
1831 16
1832 236 164 30 705 248 165 1079
1833 16
1834 6 151
1835 25
1836 6
1837 39 143
1838 30 25
1839 16 619
1840 1080 1081
1841 490 308
1842 6 17
1843 481 1082
1844 531
1845 6 1083
1846 39 751
1847 25 17
1848 6 1083
1849 1084
1850 30 16
1851 6 30
1852 103 36
1853 16 619
1854 16 619
1855 16 619
1856 30 789
1857 1085
1858 1086
1859 1087 874
1860 1088
1861 52
1862 602 60 343 619
1863 84
1864 576
1865 25
1866 156 84
1867 576
1868 672 1089 673
1869 6
1870 25
1871 73 1090 826
1872 154 1091
1873 6 876
1874 277 952
1875 6 30
1876 454
1877 156 82 155 481 83 745 84
1878 25 16 619
1879 454
1880 25
1881 620 51 1092
1882 16 619
1883 337
1884 16 619
1885 16 619
1886 94 869
1887 25
1888 6 25
1889 30
1890 292 621
1891 21 249 30 789 25 79 1093 1094
1892 16
1893 1095
1894 6 1096
1895 672 1089 673 1097
1896 25 16
1897 23
1898 30 191
1899 16 94
1900 688 190
1901 21 64
1902 25 763
1903 1098
1904 531 30
1905 6
1906 1099 1100
1907 687 995
1908 1101
1909 6 638
1910 1102
1911 6 30
1912 25 602
1913 16
1914 25 79 16 619 1103
1915 16 619
1916 25 1104
1917 1105 52 57
1918 1106
1919 481 154
1920 6 328 534 63 523 329 151 583 1107
1921 25 1108
1922 10
1923 16
1924 16 619
1925 16 619 136
1926 30 987
1927 25 1059
1928 16 619
1929 907 908
1930 352
1931 16
1932 99 753 751
1933 249 602 409 599
1934 6
1935 151 409 136
1936 6
1937 294 506
1938 1109
1939 694 1036
1940 21 74 73
1941 16
1942 6 52
1943 30 25
1944 6 25
1945 30 1110
1946 1111
1947 1110
1948 16 619
1949 450 1112
1950 16
1951 619 1108
1952 338 748 286 21 156 188 31 25 0 460 36 437 1113 161 60 1114 16 1115 1116 40 366 52 619 51 17 1049 367 1117 801 1061 609 1118 178 368 1119 1120
1953 39 372
1954 154 1121 940 238 1122 1123
1955 945
1956 294 1124
1957 694 165
1958 1125 815
1959 945
1960 25 952
1961 30 25
1962 22
1963 25
1964 1126
1965 156 84
1966 80 952
1967 23 952
1968 1127
1969 39 599
1970 10 16
1971 684 1053
1972 421 598
1973 701
1974 49
1975 127 25
1976 156
1977 697
1978 25 36 706 52 1079 759 640 372 638
1979 16 1098
1980 1128
1981 308
1982 30 36 1129 1130 143
1983 25
1984 149 136 746
1985 12
1986 361
1987 506
1988 25 16 619
1989 481
1990 156 84
1991 907 1132
1992 156 1133
1993 25
1994 25
1995 73 491 694
1996 1134 73 1135
1997 22 286 127 6 21 156 352 30 246 0 421 1136 123 294 165 972 1137 695
1998 789 25 1138
1999 6 74 244 325 308 1139 248 151 409 599 876 136
2000 25 1108
2001 52 1140
2002 60 825
2003 6
2004 16 619
2005 16 619
2006 6 21
2007 30 136 372
2008 149 987
2009 1141
2010 6 122
2011 52
2012 236
2013 21 25
2014 25
2015 22
2016 6
2017 364 16
2018 308 367
2019 52
2020 23 16
2021 481
2022 21 30 248 165
2023 25 1091
2024 30 25
2025 1142 1143
2026 908
2027 1144 25 1145 461 220 24
2028 308 248 52
2029 21 460
2030 6
2031 30 84
2032 22 6
2033 992 30
2034 623 136
2035 323 165
2036 388 0 1112 448
2037 421 123
2038 39 372
2039 6 74 30
2040 156 84
2041 6
2042 6 229 136
2043 16
2044 363
2045 16
2046 863 16
2047 151 52
2048 6
2049 6 30 770
2050 491 284
2051 127 1143
2052 16
2053 1146 1143
2054 21 896 249 30 244 898
2055 74 328 246 350 248 869
2056 748 156 25 437 161 465 248 52 17 1147 1061
2057 25 39
2058 6 1148
2059 6 1143
2060 908
2061 39 602 248 372 698
2062 123 1143
2063 707 64 284
2064 746 1149
2065 6
2066 161 1150
2067 30 25 460 859 52 17
2068 17
2069 1088
2070 16 1152
2071 6
2072 1026 16
2073 25
2074 25 829 1153 831 833 1154
2075 323 165
2076 30 25 251
2077 73
2078 6 25
2079 30
2080 156 169 867 1155
2081 123
2082 621 178
2083 481 1082
2084 431 388 450 323 257
2085 30 25 481 63 884 226 8
2086 1156
2087 25
2088 25 17
2089 859
2090 448 372
2091 21 84
2092 6
2093 1026 16
2094 1157 533
2095 454
2096 481
2097 283 21 30 1158 284
2098 22 308
2099 945
2100 465
2101 388 39
2102 1159 136
2103 286 1160
2104 753
2105 6 1161
2106 22
2107 753
2108 6 1162
2109 6 25
2110 1163
2111 439
2112 22 1164
2113 21 74 73 248 826
2114 16 619
2115 1051
2116 16
2117 16 619
2118 619 178
2119 36
2120 36 534 96 1075
2121 127 1028 1165 1166 165
2122 6 0 907 1167 1168
2123 311 51 1169
2124 6
2125 25 1170
2126 308 688
2127 21 648 30 789 25 0 40 238
2128 6 25
2129 481
2130 30 25 36 706 759
2131 619
2132 1005 1171
2133 421
2134 648 30 372 698
2135 1172
2136 1173
2137 1173
2138 30 25 246 36 437 350 1174 308 1175 248 1005 1176 1079 310 1055 698
2139 1178 1179 1180 1181 1182
2140 759
2141 16
2142 30 25
2143 16 619
2144 22 30
2145 16 619
2146 23 6
2147 16 619
2148 363
2149 16 619
2150 862
2151 16
2152 862
2153 161
2154 74 0
2155 1183
2156 16
2157 30 294
2158 6
2159 6 25
2160 481 487
2161 602 1184
2162 481
2163 21 248 372 698
2164 30 25 437 63 884 52 885 1185 17 1031
2165 439
2166 6 17
2167 63 8
2168 291 364
2169 6 73
2170 25
2171 6 25
2172 16 619
2173 6
2174 21
2175 16 619
2176 16 619
2177 16 619
2178 52
2179 1186 1187 1031 1188
2180 23 372
2181 21 156
2182 738 1189 30 1142 25 1190 1136 223 24 1166 829 465 506 1191 165 1192 1000 1193 1125
2183 308 798
2184 16 619
2185 22 156 955 152 84
2186 74 248 165 284
2187 1170
2188 12
2189 82
2190 6 17
2191 25 16 619
2192 25 16 619
2193 127
2194 16 619
2195 6 25
2196 481
2197 6 52
2198 602 165
2199 126
2200 308
2201 271
2202 246
2203 25 819
2204 16 619
2205 439
2206 16 619
2207 25 1194 698
2208 1195
2209 308 165 688 641
2210 1196
2211 558 39 591 248 756 869 136 698
2212 30
2213 1197 602
2214 161 1198 837 372 698
2215 156 1199
2216 1157 533
2217 1158
2218 23 346
2219 1171 1201
2220 602 298
2221 6 25
2222 1135
2223 481
2224 127
2225 25
2226 16
2227 16 619
2228 16 619
2229 25 16 619
2230 151 1202 1203
2231 819
2232 22 6 21 156 25 1204
2233 1205
2234 885
2235 63
2236 286 30 25 39
2237 123
2238 16
2239 6 308
2240 52
2241 16 619
2242 1186 1187 1031 1188
2243 16 619
2244 6
2245 25 16 619
2246 25
2247 21
2248 30 1206
2249 30 25 968 576 878
2250 156
2251 25
2252 874
2253 82 30 25 64
2254 21
2255 16 619
2256 21 372
2257 25 1136 52
2258 874
2259 6 25
2260 30 1207
2261 6 25 229 0 1208 325 52 885
2262 6
2263 22 21 25
2264 6 25
2265 6
2266 6 1086
2267 1209
2268 809 1210 876
2269 6 52
2270 1211
2271 246 1212
2272 6
2273 6 757
2274 25 123 165
2275 25 874
2276 1098
2277 22 286 6 21 156 271 30 702 328 0 1148 460 36 323 161 223 1213 63 1039 523 1214 165 745 52 1215 1216 826 64 17
2278 6
2279 6
2280 271
2281 1217 1165
2282 22 21 481 154 215
2283 25 24 372
2284 1218
2285 22
2286 169
2287 16
2288 1219
2289 1220 1221
2290 1211
2291 156 161
2292 16 619
2293 1006 1106
2294 6 325
2295 481
2296 1106
2297 6 21
2298 363 541
2299 324
2300 1036
2301 6 511
2302 60 825
2303 21 25 481 123 40 136 372 698
2304 6
2305 829 1153
2306 6
2307 16 619
2308 490 294
2309 25 308 1222
2310 809
2311 21 74 811 591 52 619 826 149 136
2312 809
2313 1219
2314 6 1148
2315 481 136
2316 355 1224
2317 117 999 136 372
2318 454
2319 248 990
2320 809
2321 6 449 248
2322 6 123
2323 21
2324 17
2325 6 21 30 229 123
2326 16 343 687
2327 30 481
2328 6
2329 6
2330 6
2331 907
2332 325 1143
2333 30 25 0 52
2334 74 1226
2335 6 30 60
2336 156 84
2337 706 1227
2338 25 284
2339 16 619
2340 16 619
2341 6 136
2342 481
2343 16 619
2344 6
2345 64
2346 6
2347 1228 52
2348 291 6
2349 249 789 25 895
2350 36
2351 1042 1229
2352 6
2353 30 1230
2354 16 1005 310
2355 388 1231
2356 1098
2357 294
2358 363
2359 294
2360 1232
2361 16 619
2362 1153 1233 1234 1235 1236 1237 1238 1239 1143 1240
2363 21
2364 16
2365 16
2366 25 987
2367 22
2368 16 619
2369 248
2370 21
2371 363
2372 249 30 460 377
2373 291 1231
2374 127 21 165
2375 25 829 1153 831 1241 687
2376 6
2377 6 21 25 0 1148 123 52 885
2378 6
2379 481
2380 874
2381 84
2382 16 619
2383 1242 895 729 1243
2384 1244
2385 308 16
2386 156 308
2387 156 1245
2388 619
2389 363
2390 493
2391 6 1246
2392 123 165
2393 16 619
2394 25 294
2395 874
2396 16 619
2397 6
2398 363
2399 36
2400 25 809
2401 481
2402 169 220 24 248 284 372
2403 6 39
2404 22
2405 6 52
2406 25
2407 30
2408 30
2409 30 25
2410 6
2411 1196
2412 286 421
2413 6 1143
2414 127 534
2415 117
2416 294
2417 6 1148
2418 16
2419 271
2420 6
2421 1246
2422 694 294 1098 284
2423 21 735 25 0 1148 123 52 885
2424 6 25
2425 271
2426 16 619
2427 21 25 0 1148 325 123 52 885
2428 16 619
2429 1165 36 223
2430 16
2431 16
2432 16 619
2433 25
2434 25 1091
2435 6 21 25
2436 94 1247
2437 6
2438 363
2439 431 6
2440 21 25 323 123
2441 156 64 518
2442 16 619
2443 64
2444 16 619
2445 308 809
2446 6 1248
2447 236 271
2448 6 21
2449 997
2450 6 665
2451 6
2452 21 82 154 1249 60 165 1250
2453 6
2454 6 30 25 481 323 854 284
2455 308 1244
2456 6
2457 1252
2458 1246
2459 6
2460 165
2461 16 619
2462 21
2463 249 30 25 1136 60 1105
2464 82 30 25 518
2465 809 876
2466 6 993 1148
2467 25 16
2468 25 460 862
2469 364 36
2470 308 619
2471 6
2472 789 16
2473 52 876
2474 874 94
2475 565 248
2476 874
2477 363
2478 1254
2479 809 1255
2480 809
2481 6
2482 30
2483 16
2484 364 16
2485 1252
2486 236 6 74 858 360 248
2487 16
2488 1056
2489 1193 1059
2490 1101
2491 6
2492 25 36 223 123
2493 867
2494 969
2495 6 772
2496 1252
2497 1256 1257
2498 30 25
2499 1258
2500 363
2501 16 619
2502 16 619
2503 25 52
2504 449 1259
2505 30 25
2506 6 985
2507 25
2508 1028 1260 1165 39 75 1261
2509 343 619
2510 294
2511 388 73 1247
2512 21 248
2513 363 1262
2514 6 169
2515 16 619
2516 6
2517 73
2518 809
2519 6
2520 52
2521 809
2522 6 449
2523 6
2524 22
2525 874
2526 30
2527 21 74 73
2528 1056
2529 6 874
2530 286 21 30 25 829
2531 6 30
2532 6
2533 1244 1263
2534 6
2535 6
2536 21 30 25 0 1078 1006 52 869 448
2537 25 39 60
2538 286 284
2539 6
2540 328 165
2541 1129 506
2542 789 25
2543 22 236 248
2544 36 52
2545 1165
2546 449 169 325
2547 25
2548 363 308
2549 6
2550 246
2551 1264
2552 1265
2553 82 955 84
2554 308 16
2555 25 325
2556 25 421
2557 16 619
2558 1266
2559 6 872 30 25 1267 1078 829 1079
2560 364 666
2561 6
2562 364 172
2563 16 619
2564 6
2565 6
2566 6 1086
2567 993 809
2568 16 619
2569 363
2570 809
2571 1228
2572 25
2573 6 25 869
2574 363
2575 6 346
2576 25
2577 16
2578 16 619
2579 30 169 25
2580 286
2581 490 491
2582 6
2583 16
2584 16 619
2585 23 68
2586 21
2587 30 907
2588 6
2589 16
2590 6 25
2591 16 1222
2592 449 1259
2593 6 30 25 52
2594 6
2595 249 30 789 325 1138
2596 25 346
2597 16 619
2598 30
2599 23
2600 16
2601 271
2602 25 63
2603 6
2604 364 94
2605 25
2606 249 25
2607 25 1268
2608 151 599
2609 6
2610 16 619
2611 591 325 94 723
2612 1257 1269
2613 52
2614 25 154
2615 0 598
2616 68
2617 1270
2618 39 308
2619 363
2620 52
2621 346 40
2622 1271 165 94 1272
2623 1268 260
2624 294 1273
2625 363
2626 481 39 123 165
2627 748 21 156 30 25 36 1274 1275
2628 363 1276
2629 52 1277
2630 1278 997
2631 21 25 437
2632 694
2633 346 772
2634 6 30
2635 229 591 350 688
2636 156 151 395 730
2637 6 21
2638 25
2639 25
2640 25
2641 6 25
2642 6
2643 177 22 6 21 156 249 74 30 789 598 248 151 1138
2644 156 84
2645 21 156
2646 1280
2647 6
2648 22
2649 21
2650 872 1281
2651 156
2652 363
2653 16 619
2654 1282 25
2655 25 1283 829 1153
2656 294 284
2657 1079
2658 1270
2659 701 246
2660 449 1259
2661 6 21 25
2662 1284
2663 454
2664 449 1259
2665 6 451
2666 6 30 25 0
2667 701 30 25 323 63 1283 308
2668 6 74 229 153 151
2669 6 21 25 591 151 52
2670 21 30
2671 6 21 30 25 328 1285 36 1267 1078 898 829 1153 52 1286
2672 6
2673 363
2674 25 308
2675 363 10
2676 363
2677 490 1288 215 687
2678 451
2679 6
2680 25 323
2681 286 21 156 82
2682 6
2683 421 123
2684 84 64
2685 191
2686 25 16
2687 1289
2688 22 6 21 74 25 73 481 248
2689 6 21
2690 338 246
2691 490 744
2692 884
2693 648 520 325
2694 1135
2695 30 25 328 60
2696 6 25
2697 25
2698 6
2699 248 529
2700 6 30
2701 25 52
2702 6
2703 449 144
2704 6 1273
2705 229 602 308
2706 993 25 123
2707 363
2708 6
2709 6
2710 6
2711 598
2712 6 664
2713 22
2714 6 30
2715 6 1290
2716 1291 52
2717 94
2718 25
2719 25 16
2720 6
2721 346 731 151 94 1292 599
2722 6
2723 30 25 1293 1146 52 885 1277
2724 30 25 60
2725 421 308
2726 249 25
2727 25
2728 6 249 169 789 959 895 1273
2729 6 1294 1293
2730 1295 439
2731 16 619
2732 6 191
2733 60 1091
2734 21 25 792 421 460 924 969 829 1153 1241
2735 79 397
2736 308
2737 52 885
2738 21 153
2739 449 39 165 409
2740 6
2741 6
2742 6 325
2743 22 360
2744 156 25 545 60 52
2745 913 127 6 164 21 531 117 30 0 1148 1296 123
2746 294 1273
2747 1028 1165
2748 22
2749 6
2750 16 619
2751 6 21
2752 1298 16
2753 25
2754 49 117 735 30 25 229 246 1148 421 39 591 602 325 1293 756 151 1079 599 623
2755 308 263
2756 6
2757 6 602
2758 16
2759 25 1226 827 60 1293
2760 1202
2761 735 325
2762 21 156
2763 1280
2764 6
2765 16
2766 363 30
2767 6 297
2768 6
2769 1299
2770 6 25
2771 816 323
2772 16
2773 16
2774 25 1300
2775 16
2776 308 1300
2777 6
2778 364 397
2779 271
2780 22 286
2781 21 308
2782 25 450 1302
2783 6
2784 6 1086
2785 103
2786 25
2787 363
2788 25 16
2789 6 735
2790 6 21
2791 21 25
2792 591 602 325
2793 30 25
2794 363
2795 6
2796 25
2797 364 520
2798 1256 397
2799 16
2800 25 16
2801 16
2802 25 328 523 29
2803 22
2804 6 1303
2805 127 6 648 74 352 229 350 123 346
2806 598 830 808 248
2807 6 151
2808 1299
2809 39 83
2810 286 364
2811 16 619
2812 6
2813 363
2814 6
2815 23 94
2816 6 74
2817 1304 292
2818 16
2819 701 82 30 25 545 1283 955 600 395
2820 249 789
2821 363 816
2822 186 31 16
2823 25 16
2824 1305
2825 16
2826 156 30 60
2827 117 74 30 1306 151 869
2828 6
2829 916 308
2830 6
2831 363 1307
2832 52 619
2833 25
2834 22
2835 619
2836 22
2837 1308 363
2838 84 64
2839 363
2840 896 30 244 898
2841 1226 486
2842 308 1079
2843 30 244 706 308
2844 126 123 1133
2845 16
2846 6 25
2847 523
2848 16
2849 21 123
2850 16
2851 6 21
2852 25 1232
2853 6 52
2854 308 16
2855 16 619
2856 6 1086
2857 16 619
2858 1309
2859 16
2860 248
2861 23
2862 16
2863 23 246
2864 363 1310
2865 363
2866 363 1269
2867 363
2868 22
2869 363
2870 52
2871 21 73
2872 16
2873 421 639
2874 25 16
2875 30 25 39 591
2876 906
2877 363 1311
2878 25 16
2879 363 1312
2880 1313
2881 39 165
2882 25
2883 126
2884 156 82 308 867
2885 748
2886 30
2887 1133
2888 363 248
2889 1314
2890 25 1105
2891 94
2892 156 117 83 395
2893 23 21
2894 6 529
2895 789 39 1184
2896 6
2897 6 735
2898 363
2899 6
2900 16
2901 286 490
2902 6 117 155 308 731
2903 16
2904 30 308
2905 363
2906 22 869
2907 619
2908 619
2909 25
2910 6
2911 25 0 39
2912 363 36
2913 16
2914 25
2915 16
2916 363
2917 23
2918 6 598
2919 363
2920 117 1315
2921 6 1316
2922 323 165
2923 23 244
2924 6 39
2925 6 325
2926 6
2927 30 16
2928 25 829
2929 6 21 591 325 248 151
2930 598 325
2931 745 84
2932 789 165
2933 6 364
2934 16
2935 127 21 25
2936 363 1317
2937 126
2938 16
2939 252
2940 94
2941 363 308
2942 25
2943 363
2944 94
2945 25
2946 23
2947 6 25
2948 6 25
2949 126 323
2950 906
2951 6 244 325
2952 22 271
2953 648 1318 1028 1165 421 1274 611 817
2954 30 1319
2955 286 6
2956 442 1320
2957 1321 363
2958 493 25
2959 363
2960 1133
2961 602 1322
2962 6 1323
2963 16
2964 6
2965 511 1324 229
2966 6 25
2967 21 328
2968 25
2969 156 308
2970 249
2971 388 1325
2972 6 21 325
2973 16
2974 177 338 164 1189 21 156 1326 1327 30 25 328 460 1328 1285 36 1078 1136 1275 1329 1116 248 165 1291
2975 25 1091
2976 6
2977 25
2978 6
2979 1270
2980 363
2981 6 25
2982 16 619
2983 82 346
2984 748 127 21 249 74 30 789 1330 25 244 328 1312 1078 248
2985 308 1222
2986 16
2987 545
2988 25 16
2989 545
2990 6 30 36
2991 6
2992 30 16
2993 82 45
2994 6
2995 30 0 325
2996 1331
2997 6
2998 648 25
2999 65 323
3000 6
3001 363 25
3002 748
3003 25 829
3004 25 154
3005 21
3006 25
3007 1174
3008 816 1311
3009 748
3010 364 1282
3011 25 481
3012 25
3013 21
3014 165
3015 6
3016 310
3017 1332 0
3018 52
3019 80
3020 1184
3021 363
3022 6
3023 308 1184
3024 748 21 1333 1334
3025 25
3026 16
3027 363 1136
3028 363
3029 23
3030 6 25
3031 291 363
3032 49 550
3033 619
3034 363 1335
3035 748
3036 1336
3037 127 6
3038 127 1287
3039 16 619
3040 25
3041 60 24
3042 25
3043 6 42
3044 598 252 248 1086
3045 493 25
3046 6
3047 22 323
3048 6 229 123
3049 25 1078 829
3050 1136
3051 6 598
3052 363 1337
3053 169
3054 6 325
3055 363
3056 6
3057 25 16
3058 363
3059 364 363
3060 30
3061 1338 156 702 1339
3062 25 308
3063 308 151
3064 25 1078 829
3065 188 706
3066 127 25
3067 39
3068 6 1340
3069 25 1091
3070 16
3071 1341
3072 21
3073 1342 1343
3074 21 156 872 30 811 867
3075 6
3076 6 25
3077 421
3078 30
3079 748 127
3080 25 829
3081 421 230
3082 6
3083 993 578
3084 6
3085 16
3086 481 598
3087 6 308
3088 6
3089 6
3090 6
3091 6
3092 6 117 1344
3093 25 421 60
3094 6
3095 1345
3096 6
3097 598 1086
3098 364 1346
3099 23 25
3100 126
3101 25 60
3102 6 25
3103 6
3104 21 156 30 45 1347
3105 60 1348
3106 6 30 25 229 325 1293 308
3107 156 872 308
3108 21
3109 25 1129
3110 493
3111 826
3112 117 578 229 123
3113 21 30
3114 25
3115 22 323
3116 1305
3117 22 323
3118 22 30
3119 286
3120 1349
3121 25
3122 25
3123 80 6 21 789
3124 22
3125 486
3126 286 21 25 323
3127 1184 730
3128 1293 163
3129 325 94
3130 545
3131 545
3132 156 308
3133 16 619
3134 246
3135 872 1091
3136 25
3137 338 31
3138 6
3139 6
3140 103 6 481
3141 308 165
3142 1341
3143 1028 1260
3144 286
3145 117 74 169 811 155 36 308 248 1222
3146 431 6 1350 156 49 117 578 30 25 1351 123 1341 830 730
3147 6 164 169
3148 1341
3149 1352
3150 80 1151
3151 286 490
3152 6 39
3153 151 165
3154 1353
3155 25
3156 6 161
3157 6
3158 6 297
3159 21 45
3160 248
3161 6 30
3162 6 25
3163 30 1285 1355 36 1078 1275
3164 6
3165 23 6
3166 31
3167 127 6
3168 127 6 324 1260 350 165
3169 421 39 829 1129
3170 25
3171 25
3172 6
3173 748 21
3174 80 1321 156 25 328 1328 36 1267 1078 706 1356 161 1283 52 1277
3175 25
3176 23 6
3177 30 169 25 73 248
3178 6
3179 6
3180 363
3181 21 156 460 545
3182 21
3183 421
3184 6 355
3185 6
3186 25 1357
3187 6
3188 327 22 25 1358
3189 364 25
3190 598
3191 25
3192 1079
3193 811
3194 25
3195 920
3196 25 437 829
3197 1359 481
3198 6
3199 1184
3200 25 323
3201 156 545
3202 1105 1160
3203 6
3204 449 30
3205 6
3206 23
3207 1360
3208 25 1283 829 1129
3209 6 25
3210 117 578 591 308 1315
3211 1305
3212 286 25 1160
3213 23 1361
3214 6 25
3215 308 152
3216 6 311
3217 6 1148
3218 6 1362
3219 22 748 164 21 701 25 328 323 165
3220 25
3221 6 993 578 0 936 1363 918 1364
3222 6
3223 1365
3224 93
3225 117 735
3226 21
3227 103 6
3228 598 1086
3229 25 829 1366
3230 1367
3231 30 16
3232 25 63 165
3233 927
3234 25 16
3235 872 974
3236 6 74 325 248 151
3237 6
3238 6
3239 1287 25 591 308
3240 117 252
3241 25 229
3242 6
3243 6 1368
3244 1369 490 694
3245 25
3246 21 701
3247 25
3248 974
3249 252
3250 789 39 602 323 123
3251 297
3252 935
3253 1346
3254 1370
3255 6 36
3256 21 545
3257 993 169 25 1139
3258 327 127 6 21 25 244 460 39 1371 1283 829 151
3259 156 481
3260 156 789 395 64
3261 506 507 372
3262 39 36
3263 1372
3264 6
3265 25 1288 969
3266 127 74 39 1289 63
3267 23 1373
3268 22 286 985 364 664 169 761
3269 25 1358
3270 6
3271 1374
3272 6 169
3273 6
3274 16
3275 22 286
3276 164 21 352 165
3277 6 1184
3278 6 156 117 249 74 25 1275 248
3279 22
3280 545 165
3281 6
3282 45 152
3283 23 25
3284 585 1376 253 1377 254
3285 694
3286 25 36
3287 25
3288 49 153
3289 252 1378
3290 487
3291 23 25
3292 1287 25 602
3293 598 1086
3294 598 1086
3295 598 1086
3296 598 1086
3297 6 144
3298 1379 829
3299 1380 25 294
3300 6 151
3301 748
3302 6
3303 0
3304 872 244
3305 25
3306 1381
3307 6 25
3308 6
3309 1382
3310 6
3311 6 60
3312 598 1086
3313 598 1086
3314 25 39
3315 992
3316 248
3317 22
3318 1101
3319 6 21 1282 229
3320 25 308
3321 21
3322 449
3323 1347
3324 156 60
3325 748 21 25 328 63
3326 103 789
3327 123
3328 6
3329 153 600 1383
3330 249 25
3331 25 585 1384
3332 602 152
3333 127 598
3334 25 1385
3335 6
3336 421
3337 25
3338 6
3339 127 164 74 25 328 1386 223
3340 21 490 491 1387 215 509
3341 872 1388
3342 748
3343 6 591
3344 1388
3345 6
3346 6 117
3347 1389
3348 30 25
3349 6 164 21 156 701 25 248
3350 6
3351 73 39
3352 286
3353 25 246
3354 25
3355 23 324
3356 248
3357 6
3358 872 1390 30 1391 1392
3359 1393
3360 6
3361 286 6
3362 598
3363 585
3364 151
3365 437 16
3366 352
3367 346 1394
3368 21 1395
3369 6
3370 490 491
3371 748
3372 408
3373 188 30 25 707
3374 22 260
3375 327 748 127 21 30 328
3376 6
3377 6 1362
3378 30 1396
3379 22 156
3380 1151 1330
3381 164 246
3382 6 25
3383 6
3384 324 648
3385 6
3386 286
3387 117 123
3388 6 325
3389 1397
3390 1398
3391 6 297 324 449 188 653 74 25 1165 591 325 350 830 248 94 723
3392 591 598
3393 271 490
3394 360 600
3395 6
3396 6
3397 545
3398 25 39
3399 23 329
3400 6 308
3401 286
3402 286 63
3403 6 25
3404 1346 1399
3405 23
3406 25 165
3407 25 60
3408 1217
3409 6
3410 23 123
3411 30 1312
3412 23
3413 6
3414 246 602
3415 25
3416 22
3417 80 993
3418 6 25
3419 21 25 585
3420 30
3421 22 260
3422 1396
3423 6 21 156
3424 21
3425 25
3426 127
3427 1400 94
3428 25
3429 6 21 1401
3430 6
3431 883 39 602 308
3432 338 1352
3433 286
3434 421
3435 772
3436 6 21
3437 6 21 156 83
3438 169
3439 6 1279
3440 1376
3441 23
3442 271 694
3443 6
3444 25
3445 6 297
3446 22
3447 21 74
3448 481 154
3449 6 25
3450 63
3451 1370
3452 152
3453 6 25
3454 153
3455 6
3456 286 271
3457 1402
3458 23 161
3459 748 25 154 123
3460 25
3461 25 1174
3462 1403 1404
3463 1346 1405
3464 236
3465 25 1309
3466 22 872
3467 22 286
3468 156 84
3469 408
3470 156 567 123 308
3471 449 811
3472 408
3473 884
3474 6 408
3475 22 25
3476 323 308
3477 329
3478 323
3479 83 1406
3480 6 25
3481 6 21 1354 25
3482 1287 25
3483 6
3484 6
3485 25
3486 1324 325 1407
3487 6 169
3488 23
3489 936
3490 1379 1364
3491 155 460 481 1078 1212 123
3492 117 249 1408 1288
3493 25
3494 308 1409
3495 189
3496 1410
3497 6
3498 6 21
3499 49 735 25 487
3500 23 1361
3501 598
3502 811 816
3503 6
3504 323
3505 156 82
3506 23 25
3507 23 324
3508 6 490 1158
3509 6 25
3510 25
3511 22 21 1411 30 534
3512 6 21 598
3513 25
3514 189
3515 6
3516 936
3517 25 346
3518 25 1412
3519 325
3520 6
3521 6 246
3522 6 21 117 25 229 1148 123 1413 151
3523 21
3524 883 706
3525 985 664 30 25 665
3526 156 25
3527 6 21 1414
3528 748 21 156 30 25 328
3529 6 872
3530 1415
3531 25
3532 327 323
3533 935
3534 271
3535 364 10
3536 30 25
3537 6
3538 25 829
3539 23
3540 294
3541 6
3542 1416
3543 884
3544 6
3545 602 308
3546 6
3547 324 21 156 481 123 308 248
3548 1417
3549 325
3550 21 25
3551 25
3552 25 123
3553 6
3554 189 421
3555 6
3556 169
3557 6 249
3558 602 308
3559 127 323
3560 63
3561 253 254 153
3562 297 388
3563 598
3564 324 21 117 229 1148
3565 23 6
3566 21 156 82
3567 189
3568 21
3569 648 993 0 73
3570 325
3571 6
3572 6
3573 940
3574 25 829 1412
3575 23 6
3576 328
3577 323
3578 1352
3579 30 1267 1078 1392 898
3580 21
3581 21
3582 323 308
3583 169 39
3584 6 578
3585 523
3586 10
3587 1287 249 25 246
3588 25
3589 236 127 6 164 992 74 1418 1278 694 591 308
3590 6
3591 6 1419
3592 297 49 1420
3593 23 25
3594 6 21
3595 6 25
3596 323
3597 25 308
3598 25 1214
3599 323 1421 605
3600 25
3601 21
3602 308 16
3603 286
3604 1133
3605 916
3606 156
3607 6
3608 21 156
3609 60 1423 1424 1425 1426 1407 1427 1428 1429 1430 1431 59
3610 6
3611 236 6 21 74
3612 6 1385 1277
3613 83
3614 23 748
3615 25 83
3616 25 328 437 323 1302
3617 959 0
3618 884
3619 294
3620 21 229 246
3621 25
3622 1302
3623 23 324
3624 76
3625 6 25
3626 1410
3627 156
3628 156 1432
3629 6
3630 6 254
3631 286 1369 249 169 240 73 694 1034
3632 6 21
3633 1433
3634 6
3635 73
3636 1433
3637 25
3638 169 744
3639 872
3640 21
3641 872
3642 6
3643 156 323
3644 1434 39
3645 364 1311
3646 21 598
3647 21
3648 22
3649 913 431 6 21 648 1435 117 74 1436 244 229 0 73 460 39 591 1316 350 1293 123
3650 23
3651 324 164
3652 117 25
3653 6
3654 1309
3655 22
3656 286 21 240
3657 6
3658 6
3659 6
3660 924 1335
3661 1385
3662 1437
3663 6 25
3664 21 246
3665 6
3666 1421 1438
3667 6
3668 6
3669 325
3670 23
3671 883 39 308
3672 25
3673 735
3674 25 1136 323 1166
3675 156
3676 286 872
3677 6
3678 21
3679 25 1056
3680 25
3681 6 706
3682 127 25
3683 1346 308
3684 123
3685 23
3686 23 244
3687 701 123
3688 6 229
3689 324 156
3690 6 31 30 25 703 1148
3691 30 25 1439
3692 25 1439
3693 294
3694 6
3695 6 25
3696 169
3697 169
3698 156
3699 6
3700 6
3701 249 30 1078
3702 6
3703 23
3704 297 324
3705 21
3706 431 6
3707 297 1294
3708 21 45 323
3709 6
3710 1417 1440
3711 25 1441
3712 156
3713 21 481
3714 21
3715 6 325
3716 327 431 127 164 21 1104 1136 253 1166 1384
3717 490
3718 6 325
3719 1442
3720 21 545
3721 21 1078
3722 364
3723 6
3724 6 1362
3725 297 39
3726 1136
3727 1443
3728 6 21
3729 127 1444
3730 68
3731 1445
3732 6
3733 23
3734 6 1028
3735 253
3736 6
3737 1446
3738 855
3739 1417 1440
3740 1447 993 229 1316
3741 21
3742 25
3743 25
3744 22 21 156 249 789 1417 1448 1356 1449 1174
3745 6
3746 23
3747 21
3748 25 1450
3749 156 1450
3750 364
3751 1451
3752 324 229
3753 297
3754 6 325
3755 6
3756 23
3757 21 156
3758 6
3759 6
3760 6
3761 74 246 325
3762 25
3763 161 308
3764 1445
3765 23 6
3766 493
3767 6 21
3768 23
3769 169
3770 23
3771 6 702
3772 1392 1452
3773 1446
3774 68
3775 738 648
3776 1446
3777 6 591
3778 6 325
3779 286
3780 49 280 487
3781 45 1347
3782 6
3783 21
3784 45 1347
3785 25 308
3786 1026 1453 1454
3787 898
3788 30
3789 324
3790 6
3791 6
3792 286 39
3793 6
3794 388
3795 30 1076 1212
3796 789 694
3797 6
3798 80
3799 6
3800 1452
3801 6
3802 297
3803 1136
3804 6
3805 702
3806 1455
3807 6 117 123
3808 6
3809 1456
3810 1308 30 1328 1355 1267 1078
3811 1457
3812 286 169 761 775
3813 324
3814 286
3815 21 545
3816 896 1458 307 1459 1460 244 898 899
3817 21 229
3818 25 1277
3819 23 545
3820 127 21 156 82 30 1461 955 152
3821 23
3822 80
3823 39 308
3824 992 421
3825 6
3826 21
3827 872 1462
3828 6
3829 6 21
3830 738 648
3831 297
3832 1463
3833 1457
3834 578
3835 872
3836 6 30
3837 6
3838 6 449
3839 22 338 748 1189 21 156 30 25 244 328 0 437 1136
3840 6 597
3841 25
3842 6
3843 748
3844 748 286 21 156 30 25 1464 36 1078 898
3845 1445
3846 664
3847 21
3848 545
3849 25
3850 22
3851 1456
3852 707
3853 117
3854 21 325
3855 21
3856 6 169
3857 6
3858 6
3859 126
3860 6
3861 127 1421
3862 126
3863 39 248 1465 1466 1467
3864 164 328
3865 249 789
3866 6
3867 156 1417 244
3868 271 388 920 1468
3869 21
3870 1455
3871 327 22 748 6 164 21 992 30 917 25 1469 1470 460 1136 1471 1213 123
3872 286 297
3873 880
3874 363 244 816 1472 1399 1473 1474 1475 514 718 51 1476
3875 1477 598
3876 39 63
3877 1287 702
3878 117 735 229
3879 6 169
3880 1478
3881 6 21
3882 286
3883 6
3884 25 1479
3885 6 25
3886 117 702 1294
3887 127 6 1434 328 523
3888 297
3889 748
3890 21
3891 271
3892 286 6
3893 6
3894 748 346
3895 6
3896 286
3897 6 223
3898 6
3899 23 748
3900 103
3901 21
3902 6
3903 872
3904 25
3905 872
3906 6
3907 23
3908 161
3909 6
3910 1480 706 863
3911 1481 1371
3912 22
3913 23 127
3914 1482
3915 6 30
3916 30 45 707 1212
3917 872
3918 896 872 30
3919 6
3920 6
3921 117 591
3922 22
3923 872
3924 6
3925 80 25
3926 872
3927 291 985 665
3928 872 545
3929 6 21
3930 25
3931 702 421
3932 6 25
3933 6
3934 591
3935 6
3936 21 25
3937 30
3938 21 156
3939 6
3940 6
3941 23
3942 6
3943 21
3944 1483
3945 1484
3946 1212
3947 6 155
3948 23
3949 1485
3950 21 229 123
3951 872
3952 127 164
3953 161
3954 6
3955 6
3956 144
3957 6 297 21 1486 1294
3958 1464 1487 437 1136
3959 1488 1338 1308 1489 30 702 1490 25 328 704 1491 1469 1492 460 1493 1342 1494 1495 1391 1136 1371 1471 1212 1496
3960 286 271
3961 6
3962 82 545
3963 127
3964 6
3965 286 31
3966 297 325
3967 431 127 164 21 156 701 65 45
3968 21 545
3969 1497
3970 23
3971 726
3972 1469 460 1495
3973 297 324 1498
3974 286 6
3975 6 0
3976 6 30
3977 855 1499
3978 324
3979 6
3980 1500 297
3981 286 271
3982 39 1377
3983 1127
3984 1501
3985 6 664
3986 6
3987 6 325
3988 6
3989 481
3990 117 229
3991 748 21 156 271 25 328 792 1487
3992 156 45 1356 323
3993 164 21
3994 21 328
3995 1376
3996 22
3997 25 1316
3998 21 545
3999 297 229
4000 21 1502 855 481
4001 21
4002 166
4003 6 1165
4004 1472 1487
4005 6
4006 6
4007 25
4008 25
4009 567 1503
4010 985 775
4011 327 127 164 1158
4012 21 246
4013 25 1464
4014 1212
4015 249 30 789 25 1267 311
4016 648 993 1248 997
4017 6 74
4018 49 598
4019 6
4020 6
4021 748 156 25
4022 22
4023 6
4024 22
4025 701 169
4026 6
4027 6
4028 1501
4029 6
4030 702
4031 1335 1504
4032 6
4033 1505 229 325 123
4034 872 1506
4035 1507
4036 1507
4037 39
4038 6
4039 872
4040 74 1477
4041 23 748
4042 6
4043 23
4044 6
4045 6
4046 244
4047 22
4048 0 1278
4049 6 30
4050 6
4051 6
4052 23 1392
4053 6
4054 324 164 21
4055 6
4056 598
4057 6
4058 6
4059 493
4060 6 1508
4061 1509 25 328
4062 30
4063 23
4064 21 74
4065 25
4066 872 1506
4067 163 1510
4068 22
4069 277 6
4070 249 30
4071 6
4072 748
4073 6 1511
4074 25 126
4075 22 1443
4076 25 39
4077 79
4078 648 30
4079 30 25 1078
4080 748 286 21 156 25 1464 36 898
4081 748 21 25 1464 36 898
4082 6 449
4083 21 156 45
4084 6
4085 23
4086 23
4087 127 164 21 1287 701 1271 1512 789
4088 6
4089 431
4090 22 789
4091 23
4092 6
4093 23 6
4094 39
4095 6
4096 21
4097 1513
4098 6 388
4099 39
4100 25 1485
4101 1514
4102 21
4103 855 154
4104 1377
4105 6
4106 22
4107 169
4108 1260 323
4109 23 872
4110 6
4111 701 1417
4112 6 30 25
4113 6
4114 913 22 431 164 21 156 82 25 1208 707 1212 123 83 745
4115 39
4116 1133
4117 286 789 490
4118 30 1342 1355 1078
4119 6
4120 6 648
4121 1514
4122 6
4123 23 25
4124 25
4125 916
4126 872
4127 156
4128 6
4129 6 648
4130 6
4131 23 6
4132 6
4133 6
4134 6 1392
4135 21 702 1470
4136 6
4137 6
4138 6 117
4139 748 1515 328
4140 748
4141 6 811
4142 22 286
4143 6
4144 6 74
4145 1136
4146 6
4147 21
4148 21 702
4149 286 21 1516 1517 789 1417
4150 6
4151 6
4152 6
4153 6
4154 164 74 1518 490 1434 246 1278 1078 1519
4155 22
4156 6 73
4157 6 1142
4158 6 297
4159 6
4160 6
4161 748 30 25 328 36 1136
4162 6
4163 748 25
4164 156 1448
4165 872
4166 271
4167 127
4168 872
4169 286
4170 364 188 916 31 1521 816 858 684
4171 25 1316
4172 6
4173 1514
4174 6 1148
4175 872
4176 916
4177 6 1296
4178 6 591
4179 6
4180 1226
4181 6 634
4182 648 1316
4183 872 702
4184 23 338
4185 6
4186 30
4187 297
4188 6
4189 21
4190 6
4191 6 21 648 578 229 421 123
4192 6 0
4193 6
4194 6
4195 164 992
4196 31
4197 1136
4198 297
4199 6
4200 6
4201 6
4202 6 324 21
4203 22 1434
4204 186
4205 323
4206 286 1033
4207 324 1481
4208 286 872
4209 286 25 155 154 1288 123 1274 153 248 165 1160
4210 25
4211 6 39
4212 23 6
4213 872
4214 1522
4215 164 188 31 1523 811 25 558 816
4216 545
4217 286 6
4218 30 25 1441
4219 1026 1501
4220 25
4221 6 648
4222 21 169
4223 286
4224 6 1148
4225 6 156
4226 22 1056
4227 648 993
4228 1524 1525
4229 6
4230 694
4231 21
4232 6
4233 6
4234 6
4235 39
4236 164 352
4237 186
4238 6
4239 1464 1487
4240 283 21 1349 156 249 789
4241 21
4242 127 164
4243 6 117
4244 21 1350 648 993
4245 6 21
4246 1526
4247 6
4248 21
4249 702
4250 6
4251 1506
4252 327 21 156 246
4253 23 1278
4254 6
4255 872 1506
4256 39
4257 21 156
4258 25
4259 6 25
4260 127 21
4261 103 6
4262 23
4263 249 789
4264 872
4265 1368
4266 297
4267 327 21
4268 6
4269 872
4270 6
4271 6 0
4272 21 1417 45
4273 872
4274 6 648
4275 6 117
4276 21
4277 6
4278 872 1506
4279 23
4280 648 1527
4281 21 244
4282 872
4283 6
4284 1528
4285 1528
4286 648 664 388 585
4287 1528
4288 21 328
4289 748 872
4290 6 249
4291 25 1487
4292 1529 872
4293 156 545 45
4294 6
4295 297
4296 702
4297 297 1447
4298 23 21
4299 453
4300 1530 1443
4301 1531
4302 286 127 21 490
4303 164 21
4304 6
4305 748
4306 6
4307 1497
4308 872
4309 6 1316
4310 286
4311 6 117
4312 39
4313 6
4314 364 1533
4315 872
4316 169
4317 23
4318 286 6
4319 1534 25
4320 1534
4321 1535
4322 6
4323 297
4324 25
4325 6
4326 23
4327 338 1488 21 896 1458 363 1327 1536 30 1528 1459 244 897 460 1472 1537 1493 1285 1487 1267 1538 1391 1356 1136 898 899 1471 1277
4328 23
4329 421
4330 872 1528
4331 117 789 1145
4332 21
4333 21
4334 21
4335 156 1417 244
4336 6
4337 872
4338 1513
4339 6
4340 271
4341 6 1294
4342 6
4343 21 545
4344 249 735 789 1052
4345 6
4346 297
4347 297 30
4348 297
4349 297
4350 1151 249 789 1225
4351 297
4352 1500 297
4353 1104 1414
4354 1528
4355 328 1539
4356 1540 1401
4357 1541
4358 22 6
4359 421 308
4360 872 1526
4361 21
4362 21 701 792 924
4363 23
4364 872
4365 6
4366 6
4367 22 6
4368 6 531
4369 6
4370 872
4371 1380 1542
4372 297
4373 453
4374 297
4375 6
4376 25
4377 327 431 6 297 324 21 1447 993 438 531 117 352 1148
4378 22 6
4379 286 164
4380 453
4381 872
4382 748 1354
4383 431 531
4384 6
4385 1104
4386 297 1480
4387 25 1539
4388 6
4389 297
4390 1535
4391 286 1033
4392 1528
4393 156
4394 25 437
4395 23 872
4396 6
4397 6
4398 1034
4399 6 156
4400 748 21 156 388 25 328 36 1485 437 1136
4401 1543
4402 6
4403 6 1482
4404 156 82
4405 6 1354 30 25 39
4406 6 1420
4407 1369 271 240 694
4408 286 271
4409 1535
4410 297
4411 23 25
4412 6
4413 1535
4414 6
4415 23
4416 189 188
4417 6 21
4418 23 1528
4419 297
4420 789 1544
4421 597
4422 22 324
4423 388 450
4424 453
4425 1498
4426 297
4427 286 6
4428 249
4429 21 74
4430 324 117
4431 872
4432 39 1136
4433 481
4434 22
4435 21 1417
4436 6
4437 6 21
4438 6
4439 1326 1545 1401
4440 271 789
4441 6
4442 25
4443 6
4444 164
4445 872 39
4446 6
4447 297
4448 6
4449 30 1487
4450 327 748 127 1028 25 1260 263
4451 177 449 21 597
4452 186
4453 297
4454 297
4455 6
4456 6
4457 117 1482
4458 286 1546
4459 6 169
4460 913 164 169 1502
4461 1139
4462 22
4463 30 1528
4464 6
4465 297
4466 297
4467 6
4468 297
4469 286 21 30
4470 1525 1547
4471 1326 1545 1480 1548 1401
4472 297
4473 872
4474 156 45
4475 30 25
4476 36
4477 6
4478 21 39
4479 453
4480 324 117
4481 6
4482 453
4483 6
4484 177 748 21 352 328
4485 249 789
4486 6
4487 23
4488 6 1148
4489 21
4490 6
4491 21 74
4492 23
4493 286 992 74 169 490 694
4494 249 789
4495 164
4496 872 39
4497 598
4498 1142 1528
4499 1344 1403
4500 127
4501 789
4502 1497
4503 297 992
4504 453
4505 6 1344
4506 297
4507 297
4508 297
4509 872 328
4510 6
4511 1528
4512 117 1549
4513 6 297
4514 6
4515 156 82
4516 156
4517 127
4518 6
4519 6
4520 453
4521 1546 872
4522 297
4523 6 1208
4524 6
4525 21 74
4526 6
4527 453
4528 1528
4529 1528
4530 21 156
4531 127 352
4532 6 249
4533 773
4534 6
4535 21
4536 453
4537 872 30
4538 6 73
4539 6
4540 297 117
4541 6 449
4542 6
4543 1550 21 1142
4544 1487
4545 6
4546 21 1490
4547 872 1528
4548 286 21
4549 585 1551
4550 520 1552
4551 21
4552 297
4553 286 156
4554 6 30
4555 352 789 328
4556 21
4557 286 6
4558 1279 117
4559 6 21
4560 286 1369 694
4561 6
4562 6 246
4563 6
4564 30 490 491
4565 6
4566 1525 1547
4567 22
4568 453
4569 6
4570 271 491
4571 22 748 286 127 164 21 992 240 328
4572 453
4573 21
4574 6
4575 6
4576 6
4577 6 74
4578 6
4579 6
4580 748 127 164
4581 286 271
4582 6
4583 916
4584 6
4585 6 1279
4586 6
4587 6
4588 453
4589 65 1553
4590 6
4591 1528
4592 328
4593 6 21
4594 1528 1078
4595 23
4596 156
4597 164
4598 271
4599 297 229
4600 6
4601 6
4602 127 6
4603 21
4604 858
4605 6
4606 6
4607 1316
4608 246
4609 6
4610 6 1290
4611 6 1134 74
4612 6 324 1279 531 117 578 1448
4613 6
4614 6
4615 6
4616 297
4617 286 6
4618 6 364
4619 913 748 21 156 25 328 36 1485
4620 271
4621 328 39
4622 6 117
4623 789
4624 1145 461
4625 1546
4626 6 1518
4627 453
4628 297
4629 21 1338 30 702
4630 286
4631 6
4632 6
4633 6
4634 453
4635 297
4636 6
4637 324
4638 6
4639 6
4640 916
4641 453
4642 602
4643 23 6
4644 21
4645 813
4646 6 117
4647 23
4648 520 1290
4649 872
4650 127
4651 244
4652 271
4653 31 74
4654 22 164 1287
4655 286 6
4656 694
4657 286
4658 6
4659 164 1484
4660 6
4661 6
4662 21 246
4663 6
4664 21
4665 31 1482 597
4666 328
4667 453
4668 21
4669 23
4670 22 421
4671 6
4672 249 789
4673 22
4674 22 286
4675 6
4676 6
4677 297
4678 21
4679 6 21
4680 74 789 246
4681 6
4682 80 761
4683 6
4684 22 6 21 1554
4685 1555
4686 127 6
4687 286
4688 6
4689 6 249
4690 286 6
4691 1556
4692 297 249
4693 1543
4694 520 1290
4695 271 1033
4696 297
4697 23
4698 453 1217
4699 21 701 1469
4700 21 701
4701 6
4702 240
4703 453
4704 453
4705 21
4706 748 127
4707 22 748 6 21 25
4708 6
4709 453
4710 6 1350 117
4711 453
4712 6
4713 21 896 363 1536 30 1557 244 792 816 1472
4714 23
4715 6 811
4716 6
4717 992 1558
4718 6 297
4719 6
4720 117 39
4721 30 558
4722 286 6
4723 297
4724 1380 872
4725 22 25
4726 249 789
4727 327 22 748 286 21
4728 6
4729 6
4730 22 872
4731 327 22 286 6 21 1559
4732 6
4733 164
4734 6
4735 74
4736 6
4737 1560
4738 1543
4739 23
4740 748 1217
4741 6 597
4742 6
4743 324
4744 164 21 1338 701
4745 6
4746 297
4747 23 6
4748 297
4749 271
4750 23
4751 6
4752 493
4753 6 985 664
4754 22
4755 6 1561
4756 6
4757 22 21
4758 364
4759 6
4760 25 1464
4761 30 1562
4762 21 1490
4763 453
4764 271
4765 23 155
4766 453
4767 297
4768 21
4769 6
4770 6 169
4771 1142 246
4772 297
4773 1375
4774 22 286 21
4775 22 21
4776 6
4777 916
4778 21 1338 701 702 1469 1470
4779 1308
4780 453
4781 1308
4782 6
4783 6 328
4784 6
4785 249
4786 6
4787 21 1523
4788 1369 271 240 1563
4789 23
4790 1564
4791 6
4792 127
4793 6 30
4794 277 6
4795 1134
4796 156 83
4797 324
4798 127 6
4799 453
4800 6
4801 6 74
4802 6 1380
4803 1369
4804 1515 954 240 328
4805 21
4806 21
4807 25
4808 6
4809 297
4810 249
4811 6
4812 127 1307
4813 6 169
4814 297 249 789 1565
4815 701
4816 453
4817 363 30
4818 103 6
4819 6
4820 6
4821 6
4822 22
4823 6 169
4824 23 327
4825 6
4826 229 246
4827 324
4828 6
4829 21
4830 6
4831 324
4832 6 30
4833 1566 25
4834 992 323
4835 1567
4836 6
4837 277 453
4838 6 117
4839 1253 169
4840 453
4841 6
4842 286 775
4843 324 388
4844 286
4845 127 164 1287
4846 6
4847 634 1212
4848 127 164 21 701
4849 23 6
4850 6
4851 127
4852 6
4853 6 1403
4854 6
4855 297
4856 103 6
4857 30
4858 249
4859 1568 244
4860 189 25
4861 6
4862 22 21 156 82
4863 65
4864 164 1028
4865 156 30
4866 6
4867 6
4868 6
4869 6 117 229
4870 6 229
4871 6
4872 6
4873 6
4874 297
4875 1142
4876 6
4877 6
4878 23 6
4879 21
4880 30 1337
4881 872 1142
4882 6 324 169
4883 992
4884 127
4885 431 324
4886 6
4887 22 271
4888 286
4889 23
4890 6 1148
4891 6
4892 6
4893 6
4894 6
4895 6
4896 364 30
4897 6
4898 324 450
4899 1326 870
4900 6
4901 6 25
4902 6
4903 6 511 1447 664
4904 328
4905 297
4906 189
4907 22 789
4908 21
4909 21 156
4910 6
4911 6
4912 6
4913 431 280
4914 6 21
4915 6
4916 31 1256
4917 21 954
4918 1271 1386
4919 23 6
4920 22
4921 164
4922 748 6
4923 21
4924 450
4925 127 21
4926 297
4927 338 6
4928 22
4929 25
4930 188 186 185
4931 324 21 648 578 493 1448
4932 249 169
4933 23 324
4934 6
4935 22 286
4936 6
4937 297
4938 431 1350 352
4939 23 6
4940 22 338 127 164 21 31
4941 25
4942 22 286 6 21 249 352 30 246 123
4943 189
4944 6
4945 21
4946 6
4947 6
4948 6 30
4949 872 789
4950 6
4951 6
4952 811 1256
4953 23 6
4954 6 328
4955 6
4956 164 21
4957 328
4958 23
4959 286 6
4960 21 648
4961 324
4962 23
4963 6 21 993
4964 21
4965 6 1447
4966 297
4967 6
4968 748 164
4969 6
4970 21
4971 6
4972 189
4973 23
4974 6
4975 6
4976 6
4977 127 6 74 30
4978 6
4979 6
4980 6
4981 21 1469
4982 327 748
4983 1498
4984 169 388
4985 6 21
4986 23 1380
4987 6
4988 23 450
4989 6
4990 6
4991 324 31
4992 1528
4993 236 127 1308 74
4994 6 1256
4995 6 21
4996 1498
4997 22
4998 327 127
4999 6
5000 872
5001 453
5002 6
5003 6
5004 6
5005 6 1569
5006 6 21
5007 6 1569
5008 6 1569
5009 6 1569
5010 6
5011 21
5012 364 520
5013 431 6 297 21 993 229 0
5014 6
5015 6
5016 127
5017 36
5018 453
5019 993 31 30 169 761
5020 164
5021 6
5022 1500 297 187 1199
5023 23 21
5024 6
5025 23 6
5026 189 25
5027 6
5028 21
5029 6
5030 6
5031 6
5032 6
5033 23
5034 6
5035 1151 1570
5036 6
5037 6
5038 648 993
5039 6
5040 30 388
5041 23
5042 6
5043 6
5044 286
5045 22
5046 283 1571
5047 1572
5048 236 6 438 1458 249 1568 352 1434 954 917 244
5049 1498
5050 297
5051 1498
5052 792
5053 6 1566 1458
5054 1165
5055 286 1573
5056 6
5057 327 127 1550 164 283 1571 1574 1359 701 653 74 490 1142 1575 1576 240
5058 6
5059 1577
5060 189
5061 493
5062 6
5063 6
5064 328
5065 277 6
5066 22
5067 1489 1490 1470
5068 6
5069 6 297 324
5070 6
5071 297 21
5072 6
5073 6
5074 6 21
5075 286 1369 271
5076 6
5077 23 6
5078 701 1142
5079 6
5080 327 21
5081 6
5082 103
5083 597
5084 6
5085 6
5086 328
5087 1498
5088 703
5089 6
5090 1447 117
5091 1555
5092 453
5093 6
5094 324 993
5095 1332 280
5096 103 6
5097 6
5098 453
5099 1575
5100 324 156 701
5101 748 1555
5102 1482 597
5103 327 748
5104 271 30
5105 453
5106 6 1464
5107 6
5108 21
5109 1134 169
5110 286 21 240
5111 1142
5112 6
5113 438 1566
5114 6
5115 164 21
5116 6
5117 327 127 1550 164 283 1571 1574 1359 653 74 490 1142 1575 1576
5118 6
5119 328
5120 6
5121 6
5122 1028
5123 6 0
5124 23
5125 1559
5126 280
5127 25 1441
5128 1350 1562
5129 6
5130 23 1555
5131 22
5132 6
5133 6
5134 6
5135 6 1578
5136 872 789
5137 21 701
5138 6 1279
5139 6
5140 297
5141 453 1579
5142 1580 30
5143 25
5144 177 277 327 748 286 236 127 6 164 21 189 187 249 74
5145 1225
5146 6
5147 286 6
5148 1498
5149 6
5150 6
5151 6 30
5152 23 244
5153 6
5154 297 25
5155 913 1330
5156 21
5157 1464
5158 328
5159 21 1482
5160 6
5161 249 169
5162 6 21 74 229
5163 30
5164 327
5165 297
5166 6 21
5167 169
5168 22
5169 1543
5170 328
5171 450
5172 23
5173 297
5174 23
5175 1028 1165
5176 23
5177 21 702
5178 1498
5179 6
5180 872
5181 6
5182 6
5183 23 25
5184 1555
5185 6 0
5186 6 1435
5187 297
5188 6
5189 6
5190 6
5191 453
5192 23
5193 748 328
5194 1581
5195 6
5196 453 992
5197 6
5198 6
5199 578
5200 21 1338 701 789
5201 1546 872
5202 1566
5203 453 992
5204 453 240
5205 277 1434
5206 6
5207 22 6
5208 23
5209 23
5210 127
5211 6
5212 1566 585
5213 6
5214 6
5215 21 1380 1134 169
5216 6
5217 164
5218 453
5219 286 31
5220 6 449
5221 6 648
5222 453
5223 6
5224 1555
5225 748
5226 23
5227 127 6
5228 6
5229 22 286
5230 164 992
5231 6
5232 1498
5233 6
5234 913 6
5235 6
5236 6
5237 6
5238 6
5239 1559
5240 23 6
5241 6 872
5242 6
5243 30
5244 286 6 1582
5245 6 31
5246 6
5247 1582 1528
5248 6
5249 748 1583 954 328
5250 6
5251 6
5252 453
5253 1515 1584
5254 22 169
5255 286 6
5256 6
5257 6 648
5258 21 156
5259 23 21
5260 23
5261 6 30
5262 1543
5263 6
5264 1498
5265 23
5266 23 1380
5267 648 993
5268 748
5269 6 297 117
5270 22
5271 6
5272 286 1033
5273 6 21
5274 127
5275 789
5276 177 327
5277 177
5278 6
5279 6
5280 6
5281 6
5282 453
5283 6
5284 22
5285 6 21
5286 6
5287 127
5288 6
5289 1134 1434
5290 6
5291 1585
5292 324 352
5293 21 1490
5294 1515 25
5295 127 164 992 1260
5296 1557
5297 177 748
5298 6
5299 286
5300 453
5301 6
5302 6
5303 1310
5304 6 74
5305 1310
5306 6
5307 327 21
5308 23 6
5309 453
5310 1502
5311 6
5312 286 453
5313 177
5314 271
5315 1498
5316 6
5317 22 21
5318 6
5319 25
5320 453
5321 6
5322 291 748 286 985 664 916 74 1453
5323 872
5324 453 920
5325 286
5326 22
5327 6 25
5328 6
5329 1586 597
5330 6 21
5331 6
5332 449 21
5333 453 578
5334 6
5335 286
5336 6
5337 21 438
5338 6
5339 117 1134 1580 169 761
5340 920
5341 6 21
5342 6 74
5343 1434
5344 6 449
5345 6
5346 6
5347 30
5348 648 1418
5349 1349 1338 993 701 954
5350 6
5351 297
5352 22
5353 1542
5354 21 1245
5355 6
5356 855
5357 286 789
5358 6
5359 127 6
5360 6
5361 6
5362 23 21
5363 6
5364 6
5365 453
5366 872
5367 6 25
5368 6 1562
5369 6 993
5370 30 490 25 491 694
5371 324
5372 23
5373 324
5374 1559
5375 297
5376 1338 1489
5377 22 748 286 1369 21 1338 1574 653 1545 169 490
5378 453
5379 22
5380 585
5381 65 872
5382 23
5383 6
5384 6
5385 286 364
5386 453
5387 22 21
5388 6
5389 6 648
5390 328
5391 6
5392 21
5393 286 6
5394 453 648
5395 453 648
5396 22
5397 872
5398 993
5399 30 25
5400 1546 872
5401 6
5402 297
5403 1585
5404 872
5405 6
5406 6 297
5407 23
5408 6 21
5409 1553 1587
5410 6
5411 1521
5412 164 323
5413 6
5414 164
5415 21
5416 22 65
5417 6
5418 6 1562
5419 6
5420 6 648
5421 453
5422 22 21
5423 1546 872
5424 23
5425 6
5426 735
5427 6 21
5428 23 6
5429 993 703
5430 286 1279
5431 6
5432 23 324
5433 6
5434 6
5435 6
5436 1588
5437 249 1390
5438 6
5439 1589 1142
5440 297
5441 286
5442 73
5443 453 992
5444 22 286 249 1590 1337
5445 22 156
5446 1570
5447 1569
5448 6
5449 920
5450 6
5451 22
5452 156 1417
5453 6
5454 6
5455 6
5456 6 648
5457 117 550 229
5458 6
5459 6 511
5460 6
5461 23
5462 6
5463 1448
5464 169
5465 6 21
5466 6
5467 6
5468 1585
5469 6
5470 6
5471 1434 1528
5472 6 1562
5473 6
5474 1546 872
5475 1338 1287 701 1458 1271 352 789 702 1591 935 240
5476 6 1448
5477 6 189
5478 748
5479 6
5480 453 388
5481 1592 993
5482 6
5483 23
5484 6
5485 30
5486 6
5487 127 453
5488 1528
5489 6
5490 6
5491 6
5492 6
5493 6
5494 913 127
5495 169
5496 31
5497 21
5498 324
5499 1199
5500 993
5501 6 31
5502 6
5503 453
5504 6
5505 453 992
5506 6
5507 6 169
5508 1142
5509 1502
5510 1528
5511 597 1368
5512 21 1338
5513 6 648
5514 872
5515 6
5516 6 297
5517 271
5518 6 21 648 1354
5519 6
5520 164
5521 1593
5522 6
5523 286 6
5524 6 117
5525 6
5526 127 164
5527 701 872
5528 286 189
5529 6
5530 327 21 156
5531 6
5532 6
5533 6
5534 1523
5535 6
5536 6
5537 6
5538 22 431 6 1134 39 1208
5539 6
5540 23
5541 6
5542 286 271
5543 883 811
5544 127
5545 6
5546 21
5547 6
5548 21
5549 6
5550 271
5551 1594
5552 6 117
5553 22
5554 6 449
5555 6
5556 23
5557 21
5558 23
5559 22 6
5560 453 1582
5561 6
5562 511 1447
5563 286
5564 6
5565 6
5566 6 21 511 648 117 74
5567 31
5568 327
5569 453
5570 453 648
5571 6
5572 297 648 388
5573 6
5574 297
5575 6
5576 6 872
5577 748 164
5578 6
5579 21
5580 6
5581 6
5582 872 811
5583 748 1217
5584 648 993
5585 6
5586 6
5587 6
5588 22 1417
5589 324 21 438
5590 352
5591 6 21
5592 1338 1490
5593 6
5594 23 6
5595 65 872
5596 913 748 6
5597 1447 117 388 0
5598 6
5599 453
5600 453 1380
5601 6
5602 748
5603 648 1134
5604 6 511
5605 23 6
5606 23
5607 6
5608 23 872
5609 6
5610 6 21
5611 164 21 701
5612 490
5613 164 1595
5614 21
5615 6
5616 23
5617 156 65
5618 6
5619 6
5620 6
5621 23 6
5622 6 164
5623 1032
5624 6
5625 324
5626 249 789
5627 6
5628 6
5629 6
5630 6
5631 6 648
5632 6
5633 164 453
5634 6 117
5635 6
5636 6
5637 872 935
5638 490
5639 6
5640 6
5641 6
5642 23
5643 6
5644 6
5645 6
5646 916 1434
5647 6 1573
5648 6
5649 6
5650 6
5651 453 65
5652 6
5653 1595
5654 21
5655 23
5656 6
5657 648 993
5658 23 21
5659 6
5660 6
5661 324
5662 6
5663 6
5664 6
5665 453
5666 6
5667 6
5668 21
5669 6 21
5670 164 1595
5671 1369 701
5672 249 789
5673 6 117
5674 6 449 21 74 169 953 1490 1596 246 1148 491
5675 22 6
5676 6
5677 21
5678 23
5679 6
5680 324 880 1546 31
5681 297
5682 22
5683 23
5684 1595
5685 6 21
5686 6
5687 6
5688 6
5689 6 169
5690 21
5691 6
5692 6
5693 453 648
5694 6
5695 6
5696 22
5697 127 6 74
5698 185
5699 6
5700 761
5701 6
5702 6
5703 23
5704 6
5705 6
5706 453
5707 6
5708 6
5709 6
5710 6
5711 6
5712 6
5713 6
5714 6 21
5715 327 22 21 1338 701
5716 6
5717 186
5718 6
5719 6 21
5720 6
5721 6
5722 6
5723 23
5724 6
5725 6
5726 6
5727 6
5728 6
5729 748 1597
5730 6
5731 23 6
5732 6
5733 748 1595
5734 1595
5735 283
5736 913 6 1279 993
5737 23
5738 6 449
5739 6
5740 22
5741 6
5742 6
5743 127 189
5744 23
5745 6
5746 6 1482
5747 6 648
5748 6
5749 6
5750 6
5751 127 701
5752 6
5753 6
5754 297
5755 6
5756 6
5757 6
5758 6
5759 6
5760 6
5761 1242 249
5762 338 6 324
5763 1151
5764 453
5765 6
5766 324
5767 23
5768 6 648
5769 22
5770 6
5771 6 21
5772 6
5773 453
5774 748
5775 23
5776 297 324
5777 22
5778 22
5779 23
5780 6
5781 6
5782 6
5783 6
5784 6
5785 6
5786 6
5787 6
5788 6 1362
5789 6
5790 6
5791 6
5792 6
5793 6
5794 6
5795 1595
5796 286 388
5797 748
5798 453
5799 872 1598
5800 23
5801 6
5802 748
5803 6
5804 6
5805 297 324
5806 6 648
5807 22 1566
5808 6
5809 23
5810 324
5811 271
5812 6 648
5813 6
5814 453
5815 6 1592
5816 6
5817 31 169
5818 748 297 1577 648 992
5819 324
5820 6
5821 164 453
5822 6
5823 6 993
5824 286 6
5825 6
5826 6
5827 453
5828 21
5829 6
5830 297
5831 6 324
5832 6
5833 6
5834 127 164
5835 21
5836 1595
5837 6
5838 453 1599 31
5839 297
5840 6
5841 913 297 164 1447 993 1271
5842 6
5843 23 6
5844 648
5845 748 21
5846 6
5847 6
5848 271
5849 6 449 1435
5850 6
5851 6
5852 6
5853 277 31
5854 6
5855 748 653
5856 127 164
5857 22
5858 6
5859 1151
5860 6
5861 23
5862 6
5863 23
5864 22
5865 177 277 6 164
5866 236 6
5867 896
5868 6
5869 913 324
5870 324
5871 23
5872 297 578
5873 6
5874 127 6
5875 6
5876 286
5877 913 6
5878 6
5879 6
5880 286 6 1279
5881 6
5882 6
5883 127
5884 338 6
5885 21
5886 6
5887 6
5888 23
5889 22 297
5890 6
5891 6 1512
5892 22
5893 6
5894 23
5895 22
5896 1502
5897 1287
5898 177 271
5899 22
5900 880 453
5901 6
5902 6 1419
5903 6
5904 6 648
5905 6
5906 6
5907 1550
5908 6 449
5909 236 6 648 117
5910 6 1483
5911 286
5912 80 286
5913 453
5914 236 6
5915 6
5916 6
5917 127 164 1600 1595
5918 324 1434
5919 748 1566
5920 6 1577
5921 22
5922 6
5923 1488 1601 896
5924 6
5925 23
5926 327 1321
5927 6
5928 324 648
5929 65 1602
5930 6 993
5931 6
5932 6
5933 6
5934 22
5935 748
5936 22 286
5937 6
5938 6
5939 6 1199
5940 6
5941 6
5942 6
5943 6 993
5944 453
5945 6 117
5946 127 164 1600
5947 22
5948 127 6
5949 453 352
5950 23 1512
5951 6
5952 6
5953 6
5954 453
5955 6
5956 6
5957 23
5958 23
5959 6
5960 896
5961 6
5962 493
5963 327 748 127 164 1583 1603
5964 23
5965 22
5966 23
5967 453
5968 6
5969 22
5970 22 21 156
5971 6
5972 6
5973 6 648
5974 6
5975 6
5976 6
5977 23
5978 23
5979 23
5980 324 164 1447
5981 6
5982 6
5983 6
5984 286 1369 271
5985 23
5986 648 1604
5987 6
5988 6
5989 21
5990 6
5991 324 1605
5992 6
5993 6
5994 449 648
5995 6
5996 453
5997 277
5998 453
5999 6
6000 6
6001 748
6002 6
6003 6
6004 648 993
6005 6
6006 80
6007 6
6008 6 21
6009 6 872
6010 6
6011 327 22 156 1606
6012 286
6013 6
6014 6
6015 6
6016 6
6017 6
6018 6
6019 6
6020 6
6021 80 22 748 6 449 648 1435 117
6022 6
6023 701
6024 164
6025 6
6026 6
6027 23
6028 6
6029 453
6030 23
6031 992
6032 23
6033 6 388
6034 6
6035 6
6036 6
6037 6
6038 6 449
6039 22
6040 127 164
6041 6
6042 6
6043 6
6044 6
6045 6 449
6046 22 748 127 164
6047 6
6048 22
6049 324 449 1435
6050 6 648
6051 286 164
6052 453 701 1568 1536
6053 6
6054 164 166
6055 23
6056 23
6057 327 22 748 286 127 164 1509 1603
6058 6
6059 6
6060 6
6061 6 648
6062 6
6063 6
6064 913 22 748
6065 22
6066 22
6067 6
6068 6
6069 453 438
6070 286 6
6071 23 935
6072 22
6073 6
6074 22
6075 453 1545
6076 431 6
6077 22
6078 6 1605
6079 22
6080 6
6081 127 164 1338 701 1271 1595
6082 286
6083 6
6084 6
6085 6
6086 6
6087 164
6088 6
6089 22 748
6090 6
6091 103 327 22 748 286 1571 21 1447 701
6092 23 6
6093 22
6094 6
6095 22
6096 6 1580
6097 6
6098 6
6099 6
6100 6
6101 22 286
6102 327 748 164 1287
6103 6
6104 6
6105 166
6106 6
6107 1580
6108 6
6109 23
6110 6
6111 23
6112 286 6
6113 6 648
6114 6
6115 6
6116 748 1458
6117 6
6118 324
6119 6 188
6120 23
6121 6
6122 6
6123 6
6124 6
6125 6
6126 23
6127 453 648
6128 6
6129 453
6130 1522 701
6131 6
6132 6
6133 324
6134 297
6135 6
6136 6
6137 6
6138 6
6139 6
6140 6
6141 748
6142 748 6
6143 6
6144 6
6145 6 648
6146 431
6147 6 189
6148 286 324
6149 6
6150 6
6151 23
6152 22
6153 80 1607
6154 6 531
6155 6
6156 1287
6157 6
6158 6
6159 6
6160 6
6161 431 164 1350 453
6162 6
6163 324
6164 283 271
6165 431 6
6166 6
6167 6
6168 1483
6169 6
6170 22
6171 6
6172 1287
6173 22 166
6174 6 117
6175 6
6176 127 164
6177 6
6178 6
6179 6
6180 6
6181 1599
6182 6
6183 22 1608
6184 277 6
6185 6
6186 6
6187 6
6188 6
6189 6 985 664
6190 6
6191 277 6
6192 6
6193 6
6194 6
6195 6
6196 127 6 1279
6197 6 648
6198 6
6199 6
6200 6 21
6201 297 324 72 735
6202 6 324
6203 297
6204 6
6205 6
6206 6
6207 6
6208 648 1545
6209 6
6210 6
6211 188
6212 6
6213 22 453
6214 6
6215 6
6216 6
6217 6
6218 6
6219 23 324
6220 6
6221 6
6222 6
6223 6
6224 6 908
6225 277 6
6226 117
6227 6
6228 236 6
6229 23
6230 6 117
6231 327 22 21 156 1605 82
6232 1417 1158 545
6233 22
6234 6
6235 6
6236 6
6237 913 156
6238 286
6239 6
6240 6
6241 286 6
6242 324 648
6243 6
6244 748
6245 324 648
6246 531
6247 286
6248 1527
6249 6
6250 6
6251 6 896
6252 6
6253 6
6254 6 648
6255 23 748
6256 748
6257 1085
6258 6
6259 164
6260 23
6261 22 286
6262 6
6263 6
6264 6
6265 6
6266 913 156
6267 6
6268 23 324
6269 23
6270 22 748
6271 6
6272 431 1500
6273 6
6274 6 364
6275 6
6276 6
6277 6
6278 6
6279 748
6280 6
6281 6
6282 6
6283 748 6 283 1447
6284 6
6285 913 297
6286 6
6287 6
6288 286 6
6289 6
6290 6
6291 1447 993
6292 6
6293 6
6294 22
6295 6
6296 22
6297 324